,s1,-0.030,-0.060,-0.090,-0.120,-0.150,-0.180,-0.210,-0.240,-0.270,-0.300,-0.330,-0.360,-0.390,-0.420,-0.450,-0.480,-0.510,-0.540,-0.570,-0.600,-0.630,-0.660,-0.690,-0.720,-0.750,-0.780,-0.810,-0.840,-0.870,-0.900,-0.930,-0.960,-0.990,-1.020,-1.050,-1.080,-1.110,-1.140,-1.170,-1.200,-1.230,-1.260,-1.290,-1.320,-1.350,-1.380,-1.410,-1.440,-1.470,-1.500,-1.530,-1.560,-1.590,-1.620,-1.650,-1.680,-1.710,-1.740,-1.770,-1.800,-1.830,-1.860,-1.890,-1.920,-1.950,-1.980,-2.010,-2.040,-2.070,-2.100,-2.130,-2.160,-2.190,-2.220,-2.250,-2.280,-2.310,-2.340,-2.370,-2.400,-2.430,-2.460,-2.490,-2.520,-2.550,-2.580,-2.610,-2.640,-2.670,-2.700,-2.730,-2.760,-2.790,-2.820,-2.850,-2.880,-2.910,-2.940,-2.970,-3.000
s1,1.0,-0.9958940844332683,-0.9917044083370653,-0.9900809130885255,-0.9892465033818368,-0.9886915780598644,-0.9856650037411033,-0.9778574943682905,-0.9707919417394363,-0.9646848986889559,-0.9594070179214351,-0.9547575897076603,-0.9490748234013683,-0.9413890378909971,-0.9325818246843429,-0.9237734591022689,-0.9153853981729783,-0.9071022382949865,-0.898200879043674,-0.8885412249276126,-0.8785574343781226,-0.8684343230292002,-0.8582525479601452,-0.847908748908805,-0.8372280352399767,-0.8261615384766428,-0.8150950950853131,-0.8042240713909881,-0.793252616691078,-0.7821375198312924,-0.7708173272413853,-0.7593779249387463,-0.7479160188005758,-0.7366681236570668,-0.7254613030773294,-0.7141156993267012,-0.7028242724132602,-0.6916464004757493,-0.680594512087578,-0.6696725040780306,-0.65903424878302,-0.6483978331577895,-0.6376752142788832,-0.6270123704454797,-0.6166051885392082,-0.6065472258018176,-0.5967547579879149,-0.5871124359579252,-0.5775270486766564,-0.5679704830912199,-0.5587393549223592,-0.549791083768259,-0.5410149427079873,-0.532371191112778,-0.5239043944945803,-0.5157635808008801,-0.5079778464578462,-0.5002486872707881,-0.49264951317977523,-0.4852800893583812,-0.47815448969242325,-0.4713566299881124,-0.46484224901738275,-0.45847818896707926,-0.452146121771842,-0.4459746288629547,-0.4400986980213866,-0.434452602107412,-0.42898120695620673,-0.4237774901831502,-0.4188111181674034,-0.41404883682802834,-0.4094574019722423,-0.4048842906472946,-0.40044516322695517,-0.39621124578068767,-0.39219269454928274,-0.3884689198849789,-0.38491796648863225,-0.38147528695846206,-0.37810212490794903,-0.37481293733813426,-0.3716130545529648,-0.368615807380687,-0.36586271220638783,-0.3632604364179348,-0.3606835078720722,-0.35816563572475446,-0.35578357655501464,-0.3535721980669199,-0.3514693715715296,-0.3494201134230655,-0.347444213205984,-0.34559245971509345,-0.3438203673423145,-0.3421643527658888,-0.3405360693439139,-0.3389075297589182,-0.33734670284870255,-0.3358140601981882,-0.3342617897434394
-0.030,-0.9958940844332683,1.0,0.9991732079614803,0.9985568220653412,0.9981679330795382,0.997838434560675,0.9963803951428317,0.9921411584576183,0.9876539793065232,0.9834517031511717,0.9796416193233252,0.9761729318784079,0.9719189585695855,0.9660570294956508,0.959156937184997,0.9520849726391252,0.9451810916925452,0.9382239862681784,0.9306452651447056,0.9223009369462675,0.9135649682662464,0.9046195689596619,0.8955426611911343,0.8862336046364488,0.8765371431984521,0.8663922944037037,0.8561536878021473,0.8460208769537766,0.8357373910143666,0.8252527771644984,0.8145040049875885,0.8035754015663582,0.7925594064782431,0.7816943048696668,0.7708303549680399,0.7597771761284297,0.7487119062140682,0.7376902609252229,0.7267426378560685,0.7158861064062374,0.7052727266986003,0.6946283655440932,0.6838631536056824,0.6731085949251981,0.6625681463108946,0.6523373969807562,0.6423402705284478,0.6324680839455926,0.6226289572203606,0.6127982415764289,0.6032641224244439,0.593992429138732,0.5848730199054725,0.5758673601649672,0.5670288859326277,0.5585004627586647,0.5503139614831494,0.5421744630071555,0.5341572633136358,0.5263606541979491,0.5188040336366736,0.511574934668967,0.5046283174910845,0.49782802463928144,0.4910520120200958,0.48443574188775607,0.47812194985693063,0.47204517666763374,0.4661414795774939,0.46050690688678514,0.4551125490301078,0.44992706952590583,0.44491967688066314,0.4399367393180175,0.43509343428564956,0.43045998757773135,0.4260505621297292,0.4219487888129627,0.41802614929505766,0.41421889180548715,0.41048518993673383,0.40684257550312597,0.40329861552790425,0.39996745100761494,0.3968884810646425,0.3939672300812875,0.3910807817350295,0.38826672942362284,0.3855986617915884,0.3831070637814579,0.3807249321958221,0.37839923844951245,0.3761574546185318,0.3740559610576177,0.37204402696755823,0.3701498681697934,0.3682873667096301,0.36643159136696263,0.36465244215899295,0.3629096561541798,0.36115087014978
-0.060,-0.9917044083370653,0.9991732079614803,1.0,0.9998981678668835,0.9997293460825648,0.999488377233395,0.9985772615294822,0.9958487723900661,0.9925565779938292,0.9892648345259828,0.9861490912797711,0.9832378602826075,0.9796259300462035,0.9745767878999102,0.9685392887956161,0.9622633311990436,0.9560358483956929,0.9496905109134144,0.9427183361549828,0.9349838291079755,0.9268279650814545,0.9184322154793922,0.9098735497326178,0.9010532936110012,0.8918235664865766,0.8821211301084536,0.8722794852535714,0.8625067496136428,0.852563795244404,0.8423993065645214,0.831951690622458,0.8212959297349741,0.8105221543649773,0.7998710252154364,0.7892044157591145,0.7783273840815929,0.7674156147743474,0.7565179964041941,0.7456727334979094,0.734900219595587,0.7243544986884253,0.713763441353395,0.7030365083345017,0.6923009188087859,0.6817656414822639,0.6715215863755909,0.6614948386376512,0.65158089533686,0.641690385227219,0.63180159137912,0.6221992619183135,0.6128490532351953,0.6036404703097237,0.5945353301229416,0.585593671581529,0.576957093174135,0.5686548294044539,0.560393408357704,0.5522508347124463,0.5443240867499495,0.5366355862102665,0.529273380868803,0.5221908376995696,0.5152510738749352,0.5083323015952148,0.5015698793172781,0.4951102247537628,0.4888894951295352,0.4828402171468666,0.47706153857276834,0.4715207662242048,0.4661871234893813,0.46103139960772344,0.4559013822387333,0.45091375660943533,0.44613552184485583,0.4415821400700163,0.437339160560125,0.43327620317079624,0.42933073929530285,0.4254596917528867,0.4216799771271131,0.4179997844798059,0.4145339344367105,0.41132177170709117,0.4082703641111678,0.4052571953785622,0.402319964458714,0.3995299206696735,0.39691763621625126,0.39441560794585334,0.3919695856488455,0.38960980777505105,0.3873941633589251,0.3852720386915651,0.38326870364187465,0.3812991570149947,0.3793388768894167,0.377457850830632,0.3756150144314457,0.3737581033275371
-0.090,-0.9900809130885255,0.9985568220653412,0.9998981678668835,1.0,0.9999471609435017,0.9997734684177596,0.999036501556139,0.996752648044684,0.9938203811036269,0.9908073953581141,0.9879072730733662,0.985174181465325,0.9817583765235169,0.9769432926643914,0.9711427371182194,0.9650753009411752,0.9590258678240193,0.9528455583514868,0.9460323936227627,0.9384497192489177,0.9304340902145434,0.9221685785702839,0.9137303438029741,0.9050233317888701,0.8958956975307032,0.8862817021299721,0.8765144690541029,0.8668080744894184,0.8569289403109295,0.8468223574205553,0.8364239907522066,0.8258062251417256,0.8150609556653933,0.8044326080444127,0.7937850927989661,0.7829213057474822,0.7720160392955102,0.7611168547857675,0.7502655389962273,0.7394814295010629,0.7289192771593952,0.718308671348531,0.7075599643265091,0.6968000396077488,0.68623797173699,0.6759614161285439,0.6658965512429225,0.6559420074835639,0.646010632040835,0.6360823967090842,0.6264396750344539,0.6170465683370803,0.6077924483919468,0.5986399187221773,0.5896508935409089,0.5809664593662838,0.5726168215553534,0.5643076351521723,0.5561163270805853,0.5481399344911904,0.5404026732467658,0.5329929841079597,0.5258647666696594,0.5188792224839631,0.511913598244069,0.5051035333726837,0.49859688953739956,0.492330933834553,0.4862380075352214,0.48041713077034326,0.474833407097058,0.46945668685327335,0.4642584930634593,0.4590877004533479,0.4540609594588111,0.44924365704085856,0.4446510191611349,0.4403699374238549,0.4362698223798467,0.4322893244544348,0.4283838812085314,0.42456912782667283,0.42085427827248323,0.41735408548008873,0.41410803921363265,0.4110244028787208,0.4079799854543606,0.40501218835919156,0.40219164154991005,0.3995492072934727,0.39701850463693455,0.39454340765064033,0.3921542373034486,0.3899095685817728,0.38775929190809266,0.3857294635510139,0.38373466087353963,0.3817498986123872,0.3798445272461552,0.3779773849596712,0.37609714912462655
-0.120,-0.9892465033818368,0.9981679330795382,0.9997293460825648,0.9999471609435017,1.0,0.9999267332192063,0.99928367182557,0.9971730735173526,0.9943900115590996,0.9914927841752448,0.98869651472154,0.9860602014965564,0.9827375091164877,0.9780081725690701,0.9722853240052494,0.9662771380639201,0.9602861330349123,0.9541655868706744,0.9474000645299192,0.9398526259781784,0.9318631568324437,0.9236210383402951,0.9152071477199002,0.9065211088537697,0.8974025774423828,0.8877848600524405,0.8780070646984743,0.8682910935382208,0.8584056142157863,0.8482896316778017,0.837873209807543,0.827230293597073,0.8164561422807806,0.8058002426952106,0.7951246747225712,0.7842290217806072,0.7732875782470604,0.7623490098201502,0.751459401328317,0.7406360554187722,0.7300331737742338,0.7193801341656638,0.7085890655083337,0.697787297663464,0.6871837924531332,0.6768649211678578,0.666755453998246,0.6567555369946254,0.6467804103983082,0.6368118728694601,0.6271296778020549,0.6176971250478717,0.6084027427484806,0.5992098441811026,0.5901819591892931,0.5814602885632476,0.5730761532876963,0.564733220597771,0.5565066945102934,0.5484950812276506,0.5407245849020402,0.5332845865415705,0.5261294602634434,0.5191167848675878,0.5121230942346897,0.5052856918957762,0.4987529089678384,0.4924633766933728,0.4863487713720949,0.4805064819867801,0.47490075399096027,0.469502682939214,0.4642855084098845,0.4590986657260735,0.4540559173723177,0.44922143838128153,0.4446111440204405,0.4403138043036049,0.4362000032780782,0.4322070555111891,0.4282889116870525,0.4244611628008909,0.4207337758495716,0.41722195985695176,0.41396486626768375,0.41087059251213587,0.4078159297488108,0.40483772253814143,0.40200707739970803,0.39935504362867824,0.3968159570013263,0.3943323809645983,0.3919336762699178,0.3896793170919358,0.387519931560305,0.38548248451028677,0.3834812302573978,0.3814900127354525,0.37957732395483834,0.37770317745003884,0.37581718791742896
-0.150,-0.9886915780598644,0.997838434560675,0.999488377233395,0.9997734684177596,0.9999267332192063,1.0,0.9994425825492856,0.9973901850962738,0.9946652588506961,0.9918124717211539,0.9890822453897172,0.9865248520406076,0.9832653723858821,0.9785559045254273,0.9728402672969728,0.9668301981044257,0.9608549398013766,0.9547606091342954,0.9480018677602399,0.9404389653505449,0.9324245233191418,0.924159848082165,0.9157356905203136,0.9070351038062601,0.8978862828914622,0.8882243278599222,0.8783982990260871,0.868640384607443,0.8587205824635801,0.8485645989236176,0.8380984710891,0.8274009101662587,0.8165706855887822,0.8058649509773184,0.7951401845154421,0.7841902160869237,0.7731895464397608,0.7621901992697802,0.7512439512548491,0.7403675113764423,0.7297110648610641,0.7190019897555789,0.7081538436105543,0.6972958381162984,0.686638469816478,0.6762686074545452,0.6661077962086315,0.6560558128371126,0.6460301316839134,0.6360147639803563,0.6262870756366214,0.6168102555278184,0.6074715586282324,0.5982349521432964,0.5891664966656383,0.5804073392802055,0.5719882376914448,0.5636124093815305,0.5553506732819475,0.5473044599841095,0.5395020029717777,0.5320336954447336,0.5248545526208652,0.5178177031732688,0.510798787894736,0.503938469631629,0.4973844196124997,0.4910766736757127,0.48494515517435155,0.47908466479166895,0.47346084375410996,0.46804629741778025,0.462816536749844,0.4576207626060118,0.4525682978624786,0.44772202077998274,0.443099400656561,0.4387912991880194,0.43467012206252853,0.43066966638103266,0.4267438097792372,0.42290937830999736,0.41917640422046143,0.4156606396447261,0.41239942376819166,0.4093001683934134,0.4062406479695956,0.4032576822257333,0.40042331875005516,0.39776748017337427,0.395225150762962,0.39273961523603945,0.3903381737990227,0.38808094844772517,0.3859187900558284,0.3838790148119371,0.3818762709286675,0.37988395927877533,0.3779689343508668,0.3760934622803296,0.3742079368696244
-0.180,-0.9856650037411033,0.9963803951428317,0.9985772615294822,0.999036501556139,0.99928367182557,0.9994425825492856,1.0,0.9987413644450595,0.9965526599997679,0.9941120200619614,0.99171919190376,0.9894458098077046,0.9864475219394081,0.9819808760531895,0.9766079485740181,0.9709796377188878,0.9653911253138973,0.959616721950906,0.9530872714574422,0.9457113010074634,0.9379111046123113,0.9298699606372137,0.9216648738239003,0.9131335497775498,0.9041022249994392,0.8945486488576734,0.8848365330763316,0.8751827535002782,0.86534650658316,0.8552129644316189,0.8447418654473676,0.8340387420374011,0.8232100499908036,0.8124940050501754,0.8017365030290603,0.7907326694460465,0.7796615673234233,0.7685817098610243,0.7575326874368962,0.7465456743646317,0.735768909213524,0.7249423460650981,0.7139781458156574,0.7029887420104346,0.6921843608651461,0.6816593698950543,0.6713399153762691,0.661135599473501,0.6509565981358066,0.6407792758138092,0.6308823471335953,0.6212328801771513,0.6117280984161593,0.6023306587918057,0.5930963327821444,0.584171116867054,0.5755843184766648,0.567047442658267,0.5586302441172376,0.5504276963770408,0.5424717623060507,0.5348543654990169,0.5275271111110824,0.5203489061159594,0.5131948966683559,0.5062011402342631,0.49951887518817417,0.4930879406960032,0.48684031410886436,0.48087120268312145,0.47514231810426,0.46962969345705835,0.4643103509695416,0.45902496247542846,0.4538861830510024,0.44896191592138457,0.444271700150566,0.43990662472558334,0.4357311966197401,0.4316795590083134,0.42770326489270233,0.4238235952138258,0.4200540838625778,0.4165105812857484,0.41322468962050757,0.4101018809200947,0.40702046402692255,0.40402065607955573,0.40117148824472837,0.39850152126422955,0.39594727224427956,0.39345393169085774,0.39104935708370375,0.38879052197093616,0.38662905591235375,0.3845904033570485,0.382589346955771,0.3805976852772184,0.3786828427919592,0.3768090221191732,0.37492706066868947
-0.210,-0.9778574943682905,0.9921411584576183,0.9958487723900661,0.996752648044684,0.9971730735173526,0.9973901850962738,0.9987413644450595,1.0,0.9993461048788436,0.9980381702807818,0.9965200992228765,0.994943770416422,0.9926479121391809,0.9890576482294916,0.9846090488976283,0.9799125494781269,0.9752622346002879,0.9703693384912463,0.9647274070322001,0.958189629400007,0.9511857056283497,0.943876075235143,0.936344770139317,0.9284650514321203,0.9200756394730095,0.9111671274671463,0.9020588905777208,0.8929521361197205,0.883628864605503,0.8739492311111593,0.8638794094962381,0.8535544778319647,0.8430847206166194,0.8327042182970782,0.8222503303582039,0.8115084430123183,0.8006764468550762,0.7897872402156829,0.7788851274423852,0.7680102374825001,0.7573137877448247,0.7465546963948774,0.7356391492138752,0.7246690724413729,0.7138453663685549,0.7032637248352698,0.6928690853398355,0.6825713430809303,0.6722715976444247,0.6619499377791807,0.6518897899565831,0.6420686539495827,0.6323817804927563,0.6227766189122301,0.6133128265843786,0.6041409311788921,0.5952978773103389,0.5864988768476636,0.5778111734194731,0.569327886981093,0.5610864801661776,0.553178207427641,0.5455552500457532,0.5380788401219203,0.5306269048135047,0.5233352790645895,0.5163594039180586,0.5096315435998323,0.5030781496138813,0.4968168424026776,0.49080356794700153,0.4850125391329012,0.4794189689837988,0.4738588740165052,0.4684530061588291,0.46327361044431364,0.45833621202782626,0.4537273269872118,0.4493108915831671,0.4450260813900429,0.4408253640393827,0.4367347058069791,0.4327636755130053,0.42902785126344467,0.42555635481158005,0.4222528912752024,0.4189971242754647,0.41583085917492696,0.412824103668304,0.4100021388118537,0.40730426304104433,0.40467609790537423,0.4021467111708318,0.39977210493057735,0.3974972566307376,0.3953488762010501,0.39324413069552727,0.39115694583006444,0.3891506911620615,0.38718830704270296,0.38521933169755657
-0.240,-0.9707919417394363,0.9876539793065232,0.9925565779938292,0.9938203811036269,0.9943900115590996,0.9946652588506961,0.9965526599997679,0.9993461048788436,1.0,0.9996292857461083,0.998829696691752,0.9978259103245918,0.9960456884802966,0.9930522030126997,0.9893578327503313,0.9854449937613493,0.9815476980189969,0.9773526196173311,0.9723642335381857,0.9664570468012031,0.9600971310237069,0.953395230537721,0.9464304924262841,0.9390767842942694,0.9311859672428575,0.9227947305277513,0.9141817468089245,0.9055307769790454,0.8966243633115848,0.8873167320303241,0.8776055225929247,0.8676194428399454,0.8574720769549328,0.8473866417152313,0.8371993240404265,0.8267009639469144,0.8161000618464873,0.8054145822029172,0.7946851255395962,0.7839542600990137,0.7733834391436106,0.762738408666207,0.7519186077242803,0.7410250811628872,0.7302606711022527,0.7197168300405675,0.7093427954078954,0.6990508857947932,0.6887373522428627,0.6783902446020624,0.66829193068621,0.6584203984680796,0.6486754297004295,0.6389993795384561,0.6294528966686728,0.6201869245420101,0.6112356920104872,0.6023239143152456,0.5935186070938903,0.5849098867475527,0.5765390017618363,0.5684954093856426,0.5607307424163165,0.5531091136420261,0.5455095778802803,0.5380665356662172,0.5309380740413513,0.5240552592524909,0.5173423525383746,0.5109288196870219,0.5047631432837093,0.49881978446532693,0.49307314330292584,0.4873563355685362,0.4817979651196714,0.476469280041022,0.47138640645334046,0.4666348073758532,0.46207512184459437,0.45764798258269895,0.4533061845083166,0.44908081567537017,0.44498007325391703,0.4411174484348544,0.43751955104244067,0.4340915117378707,0.43071493214174195,0.42743018097242935,0.424305451997481,0.42136745571614326,0.4185582670506019,0.41582150737277823,0.41318820794841365,0.41071341108133697,0.40833925204133514,0.40609138153066904,0.40389091943996824,0.40171280678717636,0.3996162134630312,0.3975625850276367,0.3955039456803765
-0.270,-0.9646848986889559,0.9834517031511717,0.9892648345259828,0.9908073953581141,0.9914927841752448,0.9918124717211539,0.9941120200619614,0.9980381702807818,0.9996292857461083,1.0,0.9997683656883368,0.9992183771383135,0.997845914554265,0.9953156869042735,0.9921834630724974,0.9888659911507112,0.9855555278070914,0.9819086345464845,0.9774271593607906,0.9720002368919884,0.9661218551354148,0.9598782860393561,0.9533489439192058,0.9463978029746196,0.9388851975427022,0.9308805340742234,0.9226355486500036,0.9143279631518894,0.9057398932037194,0.8967126356376707,0.8872646298078172,0.8775250767640441,0.8676129850429202,0.8577474932683988,0.8477612137260491,0.8374414318224351,0.8270090131420833,0.8164703635069172,0.8058634630649978,0.7952348596413555,0.784752458082323,0.7741879538609578,0.7634370418523928,0.7525970457114228,0.7418707218483763,0.7313490642313201,0.720986650251136,0.7106976590970848,0.7003711436557252,0.6899985461888758,0.6798661926081692,0.6699545524298409,0.6601670936653573,0.6504382045432922,0.6408273069623656,0.6314881725827237,0.62245540382942,0.6134605289784525,0.6045688831109199,0.5958671525182481,0.5874001952920649,0.5792572436096818,0.5713887791082808,0.5636617609356059,0.5559561330314527,0.5484046163937236,0.5411672687125867,0.5341728141505526,0.5273449887698056,0.5208234635443101,0.5145508591953539,0.508500758476044,0.5026465546561873,0.4968191438378808,0.4911538355607847,0.4857222547446289,0.48053933456909903,0.4756896079435149,0.471030948378453,0.46650611959011706,0.4620679421440013,0.45775045044661744,0.4535617128021256,0.44961321982627733,0.4459305112193907,0.4424188167706601,0.43896028616189015,0.4355957367439543,0.4323920936628219,0.4293762165016368,0.426492227177785,0.4236830317829361,0.42098074585380757,0.418439103571534,0.415998862938816,0.41368490990130014,0.4114212332994902,0.4091830676107367,0.4070265863018865,0.4049127867811922,0.4027950401472354
-0.300,-0.9594070179214351,0.9796416193233252,0.9861490912797711,0.9879072730733662,0.98869651472154,0.9890822453897172,0.99171919190376,0.9965200992228765,0.998829696691752,0.9997683656883368,1.0,0.9998276348361607,0.9987897623345797,0.9966249880732468,0.9939335783490929,0.9910797047890293,0.9882362328204025,0.9850302286682031,0.9809524314722543,0.9759012024605384,0.9703984481649937,0.9645112931713022,0.9583236187860467,0.9516874356990657,0.9444666522037182,0.9367576865043872,0.9287938267293059,0.9207482767883107,0.9124030389405366,0.9035891482785083,0.8943396798914531,0.884784261373345,0.8750470539252444,0.8653448332082564,0.8555063692896234,0.8453155776451191,0.8350035748024951,0.8245687604854053,0.8140470911719592,0.803489152048775,0.7930673024456416,0.7825560393798384,0.771847358842973,0.7610376804111629,0.7503300674004452,0.7398163261685998,0.7294544666190436,0.7191588665749814,0.7088127840633663,0.6984106763538475,0.688242512416429,0.6782917479859902,0.6684632843515892,0.6586855177331122,0.6490169193417457,0.639613238216274,0.6305104010166926,0.6214448863464339,0.6124796908847147,0.6036993264826994,0.5951520129959709,0.5869266034304043,0.5789730923287446,0.5711600231680312,0.5633673285380147,0.5557278412918732,0.5484024753871164,0.5413189340160186,0.534399654045583,0.5277911704021362,0.5214327626775571,0.5152979531785684,0.5093595765420387,0.5034464018319359,0.4976976417870571,0.4921851449754396,0.48692400190699014,0.4819979647221067,0.4772631121949911,0.47266262079872867,0.4681495027692161,0.4637615048808996,0.45950620877226533,0.4554934170813073,0.45174682202855865,0.44817132570742907,0.4446504979942599,0.4412254135565244,0.4379623303426019,0.4348872789400234,0.43194666698481776,0.4290834854942193,0.4263302636715359,0.4237392594046881,0.42124969124513484,0.4188863774219555,0.41657559096012575,0.4142931007551045,0.4120918647432639,0.4099334359315163,0.4077724681927549
-0.330,-0.9547575897076603,0.9761729318784079,0.9832378602826075,0.985174181465325,0.9860602014965564,0.9865248520406076,0.9894458098077046,0.994943770416422,0.9978259103245918,0.9992183771383135,0.9998276348361607,1.0,0.9992444918245917,0.9973710658057074,0.9950311437785084,0.992547416877851,0.9900845794930401,0.9872660349108064,0.9835098163843654,0.9787518929514228,0.9735428525113853,0.9679343477498756,0.9620321217168817,0.9556464108811537,0.9486501261839639,0.9411631426880421,0.9334108773300046,0.9255669040036412,0.9174129647118213,0.9087518621983439,0.8996433504042969,0.8902197040056016,0.8806092098533046,0.8710304328756872,0.8612984054600424,0.8511922639652685,0.8409559423270113,0.8305865357895567,0.8201208767110041,0.8096110939144413,0.7992266854984762,0.7887451662203626,0.7780543263519805,0.7672551901054495,0.7565540623956047,0.7460402393010037,0.735671941066922,0.725364167473466,0.7149936548911354,0.7045593618442311,0.6943584070572908,0.6843724173544458,0.6745066436255163,0.6646853889233859,0.6549661300434425,0.6455059044675029,0.6363447479669674,0.6272224179612178,0.6181970692268839,0.609351292752268,0.6007363702899127,0.5924424757490652,0.584419181987793,0.5765370087659047,0.5686760164174013,0.5609664321624919,0.5535698070568237,0.5464134567438499,0.5394189364487225,0.532740924056673,0.5263153641656451,0.520113617886544,0.514108087548756,0.5081266289510553,0.5023100627452713,0.49673312345599385,0.491411253069364,0.4864252957233875,0.4816293636949463,0.4769673880903674,0.47239352626852604,0.4679500024713144,0.4636434940271175,0.45958098437971345,0.45578320028223074,0.4521552308043124,0.4485835742656526,0.44511061173056604,0.4418003750962306,0.43867844761721414,0.4356925502980024,0.4327850046228756,0.4299902765088895,0.4273591657170143,0.42483005075914293,0.4224269100760453,0.42007765088851784,0.4177587698411268,0.41552087811768496,0.413325757132086,0.4111297593653441
-0.360,-0.9490748234013683,0.9719189585695855,0.9796259300462035,0.9817583765235169,0.9827375091164877,0.9832653723858821,0.9864475219394081,0.9926479121391809,0.9960456884802966,0.997845914554265,0.9987897623345797,0.9992444918245917,1.0,0.9985555981077716,0.9965037470747996,0.994302147445411,0.9921188720010681,0.9896874996601451,0.9866719948351456,0.9824315974035793,0.9775221252939836,0.9721646067032429,0.9664974205124947,0.9604640331436699,0.9538490998906425,0.9466807103199911,0.9391752768908327,0.9315342174671251,0.9235835961922253,0.9151624458657177,0.9062180021040108,0.8969340563977797,0.8874496435615663,0.8780073133330687,0.8683989993396979,0.858412755762301,0.8482434413363118,0.837936778700328,0.8275370726084827,0.8170697202328303,0.8067078254067769,0.7962505857569389,0.785574451657886,0.7748182750348964,0.7641503587720786,0.75362917765003,0.7432330469128958,0.7328896377440266,0.7224985199029162,0.7120602232001495,0.7018417583229015,0.6918264828457958,0.6819169668847832,0.6720610901111091,0.6623086136028027,0.6528008304220564,0.6435761776349546,0.6343760668621029,0.6252978181525223,0.6163977296810653,0.6077282807242497,0.5993758555106792,0.5912735733352273,0.583302682087602,0.5753572432863306,0.5675655478134904,0.5600898510711484,0.5528582907502747,0.5457652975708107,0.5389757375216978,0.5324375422400566,0.5261259960406849,0.5200224612873209,0.5139484959613401,0.5080253395611145,0.502331340891519,0.49688255729962405,0.49177139135756176,0.4868567835515681,0.48207713742257774,0.4773909581050408,0.47283033631424887,0.4684060099274507,0.46422275315244366,0.46030212104889917,0.45655009889139525,0.45285874401085857,0.44926781354238843,0.4458441606419728,0.44261038207782333,0.4395094782105918,0.4364884984454734,0.4335862750456277,0.43085223826447966,0.4282243781250516,0.4257214041927011,0.423269735383909,0.4208484377665758,0.4185130313030711,0.41622757299969626,0.4139470203268721
-0.390,-0.9413890378909971,0.9660570294956508,0.9745767878999102,0.9769432926643914,0.9780081725690701,0.9785559045254273,0.9819808760531895,0.9890576482294916,0.9930522030126997,0.9953156869042735,0.9966249880732468,0.9973710658057074,0.9985555981077716,1.0,0.9987102730286558,0.9968489706689404,0.9949677693101439,0.9927854528090588,0.9901998177140816,0.98701472866882,0.9829687737295827,0.9782867469145873,0.9730022736583792,0.9672640416100358,0.9611800824835559,0.9544651890960728,0.9473402869001456,0.9400913438957037,0.93253376210867,0.9245654320453657,0.9160631236611875,0.9070370806497069,0.8977817219610724,0.8885490189079844,0.8791784113793856,0.8694456569046256,0.8594539521735791,0.8492888385455556,0.8390330598486022,0.8287235855402597,0.8184825632889371,0.8080564729617292,0.7973955725683005,0.7866360869219028,0.7759934906688971,0.7655252044623546,0.755133300966292,0.744749417471558,0.7342891371245538,0.7237879230847146,0.713495029448715,0.7033892159022328,0.6933808271283736,0.6834176285618572,0.6735482584550245,0.6639283210868139,0.6546062886757033,0.645299546906804,0.6360832903880927,0.627030957394446,0.6182111090160255,0.6097322289396372,0.601519152723658,0.5934154753198279,0.5853069632051056,0.5773536736593863,0.5697230899132192,0.5623491131258929,0.5551384627262917,0.5482118034670955,0.5415231354338207,0.5350476263997999,0.5287843632112043,0.522558818255222,0.5165029217559236,0.5106814654754379,0.5050880694280309,0.4998258913588421,0.49475868474861734,0.48983464954866374,0.48501447337936937,0.48031778051108087,0.4757555686988515,0.4714319784648065,0.4673767219858183,0.46350006591985315,0.45969683072927175,0.4559971071761478,0.45246766423142176,0.4491250386253039,0.44590299678210904,0.44276731528578284,0.4397631187860281,0.4369382872168065,0.4342232392204792,0.4316321115652807,0.42909557919648117,0.42659268817322543,0.42418698663395193,0.42183687731082725,0.4194947150555373
-0.420,-0.9325818246843429,0.959156937184997,0.9685392887956161,0.9711427371182194,0.9722853240052494,0.9728402672969728,0.9766079485740181,0.9846090488976283,0.9893578327503313,0.9921834630724974,0.9939335783490929,0.9950311437785084,0.9965037470747996,0.9987102730286558,1.0,0.9989740149762244,0.9975633860120324,0.9957688468775173,0.993490276836987,0.9907493852655849,0.9874201461455019,0.9836572098319188,0.9793517072445422,0.9742438485496577,0.9685487304761694,0.9622687016278866,0.9556309653406537,0.9488143767351864,0.9416966957917788,0.9341793162368559,0.9261589887641729,0.9176338858844381,0.9087521007287208,0.8998054184376985,0.8907038337906492,0.8812282586943357,0.8714798452142816,0.8615387669034549,0.8515012326381665,0.8414208216229283,0.8313802131433968,0.8211109651023317,0.8105593653316576,0.7998675761584392,0.789254878920643,0.7788151486969777,0.7684765719306825,0.7581315030192464,0.7476980801301226,0.7371952102988593,0.726872025828031,0.7167138750952817,0.7066295212274694,0.696565309048959,0.6865940199314728,0.6768711927767943,0.6674418024686802,0.6580297981700984,0.6487080057287132,0.6395386172682231,0.6305950115002792,0.6219737546491377,0.6136074817745322,0.6053505471023674,0.5970936378784284,0.5890011502889385,0.5812361314462938,0.5737276839989545,0.5663878611040595,0.5593174700296146,0.5524782241647901,0.5458576651386856,0.5394506717586669,0.5330889332099932,0.5269004821756458,0.520954437275822,0.5152422236845652,0.5098612163726306,0.504679598488207,0.49963703752945493,0.4947024421403132,0.48989106642675306,0.4852110085773225,0.4807713055314293,0.4766065362554962,0.47263341582395746,0.4687502873537362,0.46497658075448084,0.46136916017325563,0.45794228487071853,0.4546405778783822,0.45142928408223904,0.4483486888712676,0.4454464725339223,0.44265946384176424,0.44000286051770454,0.43740251923924334,0.43483972161887874,0.4323785559360276,0.4299779964202012,0.4275855785458319
-0.450,-0.9237734591022689,0.9520849726391252,0.9622633311990436,0.9650753009411752,0.9662771380639201,0.9668301981044257,0.9709796377188878,0.9799125494781269,0.9854449937613493,0.9888659911507112,0.9910797047890293,0.992547416877851,0.994302147445411,0.9968489706689404,0.9989740149762244,1.0,0.9993540926788201,0.9981028529946169,0.9962478756536789,0.9938894760172308,0.9910257792704914,0.9877997759565894,0.9841962595847114,0.9799916033455984,0.9749895338821759,0.9692301529662155,0.9630730247241083,0.956698386384869,0.9499857458147194,0.9428574485125908,0.9352385243634093,0.9271654199454819,0.9187595939982158,0.9102206711656072,0.9014641055814802,0.8922888771035535,0.8828132339734261,0.8731323383414644,0.8633284080141775,0.8534681561655889,0.8436240923471701,0.8335535971264417,0.8231922837513728,0.812672175214167,0.8022002961832878,0.791847461551859,0.7815678328054021,0.7712779665004313,0.7608789695189916,0.7504142076316043,0.7401351750150799,0.7300029603921965,0.7199171576154751,0.7098265772220345,0.6998290199078766,0.690066085439243,0.6805899686847751,0.6711141901367029,0.6617073106279837,0.6524485660690704,0.643407514117361,0.6346922682414791,0.6262445382497585,0.6178956156428778,0.6095326977153027,0.6013148278125102,0.593417332691684,0.5857898341960539,0.5783348783877559,0.571141055642157,0.564174822726485,0.5574252494878059,0.5508909899755917,0.5444057026944302,0.5380877311717279,0.5320041622976204,0.5261563750390122,0.5206458780245972,0.5153456176054974,0.5101875925551675,0.5051352452101597,0.5002130632888397,0.4954209634222657,0.49086990201067965,0.4865901316804708,0.4824966418813234,0.47849765587424026,0.47461584474120433,0.47091350692323125,0.4674051844404719,0.46401947920935704,0.4607179070603186,0.4575407001621319,0.45454306537346945,0.45166500198253656,0.4489220234552358,0.4462446575954997,0.44360198893091846,0.44106070852830187,0.43858437231990155,0.43612054472977363
-0.480,-0.9153853981729783,0.9451810916925452,0.9560358483956929,0.9590258678240193,0.9602861330349123,0.9608549398013766,0.9653911253138973,0.9752622346002879,0.9815476980189969,0.9855555278070914,0.9882362328204025,0.9900845794930401,0.9921188720010681,0.9949677693101439,0.9975633860120324,0.9993540926788201,1.0,0.9994883243100172,0.9981546347568111,0.996256353559777,0.9938871885787454,0.99115153488562,0.9880335465378874,0.9843439297779464,0.9799294391904554,0.9747395750888335,0.9691300560077089,0.9632386946700677,0.9569583045131468,0.950191513126187,0.9429107960699299,0.9352072143531831,0.927183942848971,0.9190027027257078,0.9105860039247617,0.9017069502610614,0.8925042402357248,0.8830664698439609,0.8734939697174308,0.863851547612993,0.8541926914007075,0.8442951244307356,0.8340880620857479,0.8237151191284471,0.8133850836151275,0.8031428220187793,0.7929483353926465,0.782727920166851,0.7723809261271656,0.7619514386764458,0.7516967828996873,0.741583331350801,0.7315034595245828,0.7214086393187459,0.71139551688373,0.7016075977673375,0.6920878397565451,0.682563456652097,0.6731004687767458,0.663774030815357,0.6546548794698358,0.6458460971726449,0.6372971214926844,0.6288497400000711,0.6203940843774228,0.6120822258603719,0.604076767591878,0.5963304578141546,0.5887625471055448,0.5814491585261606,0.5743659120118998,0.5675015265570419,0.5608455384003745,0.5542421456089618,0.5478111614277615,0.5416110084459961,0.5356544885092499,0.5300353124129471,0.5246223774410835,0.5193562317670442,0.5141979770387315,0.5091705781807195,0.5042882747292948,0.4996504194358057,0.4952879390926421,0.4911124976309488,0.4870220109054231,0.483046571248992,0.47925634290561786,0.47566899855148687,0.47221098686369445,0.468837741302657,0.46558947925196065,0.4625247859203821,0.45958246626615745,0.45677422818360386,0.4540280539879036,0.45131947353288177,0.44871608915066985,0.4461790018533385,0.44365551624504046
-0.510,-0.9071022382949865,0.9382239862681784,0.9496905109134144,0.9528455583514868,0.9541655868706744,0.9547606091342954,0.959616721950906,0.9703693384912463,0.9773526196173311,0.9819086345464845,0.9850302286682031,0.9872660349108064,0.9896874996601451,0.9927854528090588,0.9957688468775173,0.9981028529946169,0.9994883243100172,1.0,0.9992358200682246,0.9977784204282437,0.9958702180736837,0.9935863327059761,0.990950727983684,0.9878137001722525,0.983858631319312,0.9791316883636902,0.9739954081277462,0.9685512359937498,0.962715081664427,0.9563385092654997,0.9493857755352945,0.9420026291613433,0.9343059687017978,0.9264510953399387,0.9183369200884296,0.9097327985392825,0.9007780586405548,0.8915608186031208,0.8822002806101379,0.8727618569069727,0.8632881464748395,0.8535654868447443,0.8435129520574354,0.8332702027132813,0.8230549061383486,0.8129119941303113,0.8028108501976112,0.792678970779361,0.7823970204514749,0.7720136134083209,0.7617882654964454,0.7517030772459532,0.7416502006969888,0.7315713050082044,0.7215513930667964,0.7117345481887674,0.7021807099181211,0.6926290590984493,0.6831384245336872,0.6737681649785829,0.6645915524910269,0.6557117958411052,0.6470802820782052,0.6385567837635419,0.6300281882582153,0.6216358955606536,0.6135403196794788,0.605699995829215,0.5980281578476587,0.5906169116652942,0.5834431190084658,0.5764862411467959,0.5697314076016028,0.5630217518213388,0.5564830640982169,0.5501776549467287,0.5441265931041073,0.5384159974504545,0.5329057707751118,0.5275420977204667,0.522288132435948,0.5171666000574795,0.5121941354482639,0.5074664036205054,0.5030151019709713,0.4987583061137266,0.49458145064804976,0.49052140260493604,0.48664283397557884,0.48296649076381604,0.47942527753829667,0.4759748493106706,0.47265011058856105,0.4695081581072887,0.4664888102650926,0.46360585454683295,0.4607882574519182,0.4580114902961144,0.4553396815707216,0.45273390520875356,0.4501418741053159
-0.540,-0.898200879043674,0.9306452651447056,0.9427183361549828,0.9460323936227627,0.9474000645299192,0.9480018677602399,0.9530872714574422,0.9647274070322001,0.9723642335381857,0.9774271593607906,0.9809524314722543,0.9835098163843654,0.9866719948351456,0.9901998177140816,0.993490276836987,0.9962478756536789,0.9981546347568111,0.9992358200682246,1.0,0.9990881433354195,0.997592944322383,0.9957038561500173,0.9934335179545853,0.9908351262273971,0.9876918918846924,0.9835194488330804,0.9788371563743707,0.973786716088164,0.9683388864732582,0.962467835172526,0.9559548646270255,0.9489466359822886,0.941578650547935,0.9340507765651247,0.9262946194717426,0.9180101035505224,0.9093252917644151,0.9003661518263095,0.8912229965767329,0.8820013793516686,0.8727486744875976,0.863215903454046,0.8533256731255912,0.8432415834699983,0.8331517783687038,0.8231213287887579,0.8131120870941757,0.8030665670692395,0.7928683043289115,0.7825585350646626,0.7723969221832472,0.7623580507296437,0.7523351357912738,0.7422843540066737,0.7322799055913649,0.7224710797199285,0.7129189759136852,0.7033594582880088,0.6938636741157509,0.6844769132090364,0.6752710264822982,0.6663482910886037,0.6576559118635535,0.6490859591806264,0.6405094865014933,0.6320581016869525,0.6238983766503386,0.6159808741502785,0.6082204042448365,0.6007211115851165,0.5934632758373046,0.586416698397369,0.579568802035597,0.5727620649276326,0.5661102042988763,0.559691010481107,0.5535280222241455,0.5477034060082547,0.54207610292519,0.5365902455789109,0.5312116085706136,0.525963655225351,0.5208737922278305,0.5160237435315947,0.5114376564390486,0.5070442490091475,0.5027365799073871,0.4985565218928549,0.4945606790776797,0.4907652620520838,0.4870981312970189,0.48351491740609104,0.48006590536440524,0.4768059157488894,0.4736722357125411,0.47067616450553007,0.46774547243377185,0.46485061117972054,0.46206174934699823,0.45934564970301067,0.4566470227059131
-0.570,-0.8885412249276126,0.9223009369462675,0.9349838291079755,0.9384497192489177,0.9398526259781784,0.9404389653505449,0.9457113010074634,0.958189629400007,0.9664570468012031,0.9720002368919884,0.9759012024605384,0.9787518929514228,0.9824315974035793,0.98701472866882,0.9907493852655849,0.9938894760172308,0.996256353559777,0.9977784204282437,0.9990881433354195,1.0,0.9991357211449544,0.9976795941240267,0.9957981652473444,0.9935289557285938,0.9909581620959989,0.9877403686494894,0.9837881540166411,0.9792463763615475,0.9741825013617041,0.9687070980980421,0.9627280767421188,0.9561846835983552,0.9492225115167304,0.94207370500103,0.9346830983107538,0.9268109500392178,0.918479221997471,0.9098111828140173,0.900900906624896,0.8919068687429648,0.882902000345039,0.8735893202668146,0.8638905563124769,0.8539827770037522,0.8440515692828147,0.8341658034941846,0.8242609436512819,0.8142854968793543,0.8041399534254439,0.7938893933920316,0.7837914447813584,0.7738017457825394,0.7638062059395132,0.7537526282844405,0.7437232528074632,0.7338799054755998,0.7242844018061942,0.7146934638341942,0.7051594319041592,0.6957185084592024,0.6864535453865823,0.6774695145019305,0.6687140597990432,0.6600517754757992,0.6513796031229412,0.6428311852386792,0.6345807481620416,0.6265764760465219,0.6187240293158374,0.6111043508110588,0.6037225146269372,0.596550988047439,0.5895783084669924,0.582646079607158,0.5758715178893044,0.5693349451849816,0.5630372724542354,0.5570734904829745,0.551311588792741,0.5456949906316498,0.5401879470245432,0.5348137895987708,0.5295821736630022,0.5245911524622209,0.5198744694126284,0.5153538050604839,0.5109158907942442,0.5066065626749998,0.5024822858222158,0.49855776815841507,0.49476837350087033,0.49107619930095675,0.4875216256274742,0.48415458885625656,0.4809104765611939,0.47779858483732407,0.4747546078755779,0.47176102406507336,0.4688854721528495,0.4660812143790901,0.46329505567328233
