,s1,-0.020,-0.040,-0.060,-0.080,-0.100,-0.120,-0.140,-0.160,-0.180,-0.200,-0.220,-0.240,-0.260,-0.280,-0.300,-0.320,-0.340,-0.360,-0.380,-0.400,-0.420,-0.440,-0.460,-0.480,-0.500,-0.520,-0.540,-0.560,-0.580,-0.600,-0.620,-0.640,-0.660,-0.680,-0.700,-0.720,-0.740,-0.760,-0.780,-0.800,-0.820,-0.840,-0.860,-0.880,-0.900,-0.920,-0.940,-0.960,-0.980,-1.000,-1.020,-1.040,-1.060,-1.080,-1.100,-1.120,-1.140,-1.160,-1.180,-1.200,-1.220,-1.240,-1.260,-1.280,-1.300,-1.320,-1.340,-1.360,-1.380,-1.400,-1.420,-1.440,-1.460,-1.480,-1.500,-1.520,-1.540,-1.560,-1.580,-1.600,-1.620,-1.640,-1.660,-1.680,-1.700,-1.720,-1.740,-1.760,-1.780,-1.800,-1.820,-1.840,-1.860,-1.880,-1.900,-1.920,-1.940,-1.960,-1.980,-2.000
s1,1.0,0.9986852818614586,0.993944252589104,0.9917044083373788,0.9904966231224455,0.9897407426920433,0.9892465033824871,0.9888693831950217,0.9885040875300376,0.9856650037429566,0.9804197922624303,0.9753906357281077,0.9707919417392107,0.9666209565910142,0.9628383431395049,0.959407017921348,0.9562671279013137,0.9531097441447987,0.9490748234018401,0.9441288171131275,0.9384780581504505,0.9325818246840721,0.9266776911841419,0.9209338359040438,0.9153853981720778,0.9099038600245497,0.9042302280023163,0.8982008790440942,0.8918133065475947,0.8852428602283547,0.8785574343773344,0.871823178973894,0.8650435223251847,0.8582525479603635,0.851388579470922,0.8443982995814149,0.8372280352398068,0.8298720060972229,0.8224567727205588,0.8150950950850127,0.8078282849472787,0.8005955726439996,0.7932526166909438,0.7858608981082942,0.778384551687473,0.7708173272417651,0.7632046973086822,0.7555350318365819,0.7479160188000347,0.7403959673837913,0.7329575616415689,0.7254613030767763,0.7178894393320256,0.7103392376574069,0.7028242724138918,0.6953586536754345,0.6879507388502731,0.6805945120877902,0.6732778166579041,0.6661143585428283,0.6590342487830385,0.6519519667088114,0.6448260396353848,0.6376752142786551,0.6305478686196165,0.6235044561147525,0.6166051980439117,0.6098659216817957,0.6032609376088868,0.5967547837315934,0.5903238786339786,0.5839083033403931,0.5775271015647395,0.571127857007057,0.5648566214037846,0.5587394374053487,0.552735900319118,0.5468603679898987,0.5410150323788431,0.535236467769822,0.5295231318697698,0.5239036226664284,0.5184286956903513,0.5131399553385596,0.5079763227438049,0.5028275490891919,0.49769338380599326,0.49264539244514627,0.48770159540366254,0.48286842026609933,0.4781439873090032,0.4735673324243337,0.46914117921790854,0.46481007062252755,0.4605444072250337,0.4563009644737566,0.45208811846954144,0.44794932269670173,0.44390732287650514,0.4399725108370059,0.43611687509893265
-0.020,0.9986852818614586,1.0,0.9979748945707583,0.9965565808636652,0.9957386229002398,0.9952052596020218,0.9948558660811578,0.994581355705387,0.9943056597041964,0.9924534672429993,0.9886323997735323,0.984660741706044,0.9808647796594775,0.9773536009687329,0.9741247089608891,0.971171896202103,0.968447377175852,0.9657009559248589,0.9622210580528016,0.9579196068810112,0.9529321129373081,0.9476860676241127,0.9423781432012489,0.9371733821483257,0.9321130744808424,0.9270801242537131,0.9218504993360762,0.9162727691455478,0.9103261371497717,0.9041786198865321,0.8978951789797158,0.891546460989136,0.8851366133676549,0.878698347316321,0.8721696911993506,0.8655011510026661,0.8586370708984133,0.8515654472450569,0.8444148280620878,0.8372964029556891,0.8302519803588455,0.823227736079055,0.8160858733225234,0.8088764913386938,0.801564466074834,0.7941403229739681,0.7866561651225336,0.7791017215212243,0.7715844326501216,0.7641518884608155,0.7567890533584001,0.7493617926858751,0.741846494222755,0.7343339150605743,0.7268376031784352,0.7193736086522964,0.7119535502893454,0.704575009233483,0.697228558274365,0.6900240085672869,0.682892295550671,0.6757505238163493,0.6685594353023002,0.6613351428355204,0.6541239093152723,0.6469845256313991,0.6399787318626076,0.6331227004532661,0.626393110027567,0.6197567316474203,0.6131911545785524,0.6066356051377597,0.6001087100609565,0.5935588933971027,0.5871304733744422,0.5808499365597963,0.5746798597036404,0.5686351014361303,0.5626170531483263,0.5566616890875248,0.5507695249948572,0.5449682854815995,0.5393071110087527,0.5338290893478144,0.5284754153887615,0.5231364803900358,0.5178100373431543,0.5125693987847308,0.507431295828874,0.5024037273057121,0.4974858683523155,0.4927161192713196,0.4880986788133516,0.4835767461278171,0.4791214948894969,0.4746884146180257,0.47028672073729155,0.46596108082108256,0.4617351407063458,0.45762027083340745,0.45358737340802363
-0.040,0.993944252589104,0.9979748945707583,1.0,0.9997989556274366,0.9995465281576993,0.9993270223258275,0.9991456700058974,0.9989554833806782,0.9987453642456525,0.9976697758150135,0.9954491920259649,0.9929136086031098,0.990323383186933,0.987801332026462,0.9853983449907288,0.9831267021361241,0.9809860020667717,0.9788070438269614,0.976012382250363,0.9725321301702864,0.9684417993224143,0.9641108965882907,0.9596738163731736,0.9552586898389858,0.9508986951525346,0.9465182704932341,0.9419266824095158,0.9369931039673222,0.9317036231998046,0.9261946233122913,0.9205340967086292,0.9147866481899515,0.9089554339839366,0.9030721242527439,0.8970786139244594,0.8909238974173944,0.8845697905850437,0.8779964487400814,0.8713162885204256,0.8646346304989498,0.8580007511210043,0.8513597147818736,0.8445936099098449,0.8377433660174128,0.8307800747298656,0.8236945402196666,0.8165309349615254,0.809273936354645,0.8020321366139518,0.7948528298807654,0.7877284017184107,0.7805312667176417,0.773229008693957,0.7659136786481959,0.7585984061650637,0.751293705826361,0.7440125690319698,0.7367610526832119,0.7295274221911379,0.7224243641367338,0.7153845521130529,0.7083238425336219,0.7012041339484334,0.6940367276150157,0.6868652280818792,0.6797541388895516,0.672766366452016,0.6659162157652098,0.6591805867894143,0.6525286818294879,0.6459382615120053,0.6393482997764574,0.6327812235959981,0.6261863477109404,0.619703905867501,0.6133606725764452,0.6071205883925707,0.600996082883766,0.5948914834217772,0.588841784072702,0.58285153788993,0.5769498874305463,0.5711838605681554,0.5655956410962696,0.5601254804553685,0.5546648611392316,0.5492128775539933,0.5438441403492449,0.5385738857569805,0.5334109370328024,0.5283556031122987,0.5234476945995536,0.5186916519814344,0.5140276659640001,0.5094278578456819,0.5048474819295171,0.5002964638314491,0.49582069906406573,0.4914447144879759,0.4871813309490048,0.4830013921500544
-0.060,0.9917044083373788,0.9965565808636652,0.9997989556274366,1.0,0.9999455736880504,0.9998443558495109,0.9997293460826644,0.9995751797138005,0.9993990640956779,0.9985772615304274,0.9968622866757222,0.9947746791771491,0.99255657799434,0.9903453235509794,0.9882047462450813,0.9861490912797596,0.9841953383807699,0.9822013797069997,0.9796259300455966,0.9764046206130103,0.9725923530636813,0.9685392887962918,0.9643637793345909,0.9601847699172049,0.956035848395625,0.951853525345256,0.9474562271327991,0.942718336155513,0.9376255672973417,0.9323055758465443,0.9268279650811707,0.9212564784243524,0.9155942892618619,0.9098735497324807,0.9040369881439957,0.8980311107995428,0.8918235664869897,0.8853903181957848,0.8788408036694728,0.8722794852533127,0.8657590739611952,0.8592246250643663,0.8525637952431359,0.845813598321696,0.8389461141701994,0.8319516906217579,0.8248726200082285,0.8176927516348654,0.8105221543644942,0.8034078489944035,0.7963436535816162,0.7892044157569245,0.7819550194543406,0.7746879733745542,0.7674156147721217,0.7601471970806738,0.7528968232097025,0.7456727334946202,0.738462178462821,0.7313782918221315,0.7243544986900322,0.7173066363049979,0.7101970582333003,0.7030365083332956,0.6958675759893587,0.6887565155868705,0.6817656497361645,0.6749082162268519,0.668161173145187,0.6614948613832105,0.6548874547354663,0.6482782831307796,0.6416904329205754,0.635073766931645,0.6285679840650803,0.6221993363427762,0.6159318502504533,0.6097771387736421,0.6036405512602486,0.597556446893214,0.59153052391515,0.5855929517895752,0.5797899524455195,0.5741633151064424,0.56865338599451,0.5631518652829972,0.5576581639883706,0.552246957679373,0.5469331674584057,0.5417262882892268,0.5366270132120448,0.5316751107870303,0.5268748833000353,0.5221662285292353,0.5175213104650331,0.5128955388427142,0.508298863691844,0.5037772353913165,0.4993555611104818,0.4950472918345668,0.4908231036982015
-0.080,0.9904966231224455,0.9957386229002398,0.9995465281576993,0.9999455736880504,1.0,0.999971884696579,0.9999042792614611,0.9997811595112021,0.9996331909772466,0.9989287092189336,0.9974453402141733,0.9955663762413341,0.9935229670851724,0.9914584953785942,0.989442735180114,0.9874903175532947,0.9856267886679415,0.9837234198113894,0.9812502212760107,0.978146989225161,0.9744590005067134,0.9705272063644923,0.9664633907590152,0.9623848300192421,0.9583263861445044,0.9542304738018085,0.949916694912229,0.9452620200065763,0.9402505717010011,0.9350073036973093,0.9296035481749627,0.9241025086775496,0.9185070012829687,0.9128502164058688,0.907075460441633,0.9011273327307222,0.8949748424248288,0.8885920629815506,0.8820881203993493,0.8755678296524507,0.8690859834913307,0.8625876944582783,0.8559630549591916,0.8492467193688678,0.8424104940735726,0.8354443046363111,0.828389828104827,0.8212307108947189,0.8140783819662284,0.8069802166339395,0.7999303052284653,0.792804527011397,0.7855663107713016,0.7783083629719797,0.771042601754912,0.7637778061434511,0.7565291063611166,0.7493052994754923,0.742092957473215,0.7350054063127919,0.7279766857479005,0.7209226454894636,0.7138060558011785,0.7066375970858081,0.6994595000320635,0.6923386369650188,0.6853366562425026,0.6784661453888151,0.6717039444187359,0.6650209519170931,0.6583959207394663,0.6517688136735655,0.6451627528039298,0.6385282031671915,0.6320046962523674,0.6256174995089413,0.6193306218671139,0.6131552539719388,0.606997373500895,0.6008911842546738,0.5948428436900065,0.588883051128676,0.583057522483869,0.5774080968338584,0.5718755477599611,0.5663511280710679,0.560834242925805,0.5553994866638993,0.5500617038130196,0.544830937573799,0.5397080933463019,0.5347329791830696,0.529909883058146,0.5251788880688297,0.520511615955674,0.5158633727799871,0.511244136862587,0.5066999599000286,0.502256011346443,0.4979260621837715,0.49368072116057865
-0.100,0.9897407426920433,0.9952052596020218,0.9993270223258275,0.9998443558495109,0.999971884696579,1.0,0.9999740172456325,0.9998816777901287,0.9997610656137367,0.9991198752198526,0.9977579827947652,0.9959927210079569,0.9940460339025591,0.9920638069754006,0.9901188562902054,0.9882256405439859,0.9864147147010387,0.984565293724366,0.9821482714624985,0.9791074302548832,0.9754827173921945,0.9716101170037327,0.9675985986899023,0.9635664379836137,0.9595505594843848,0.9554968006936667,0.9512224141909885,0.9466057513826313,0.9416300982553923,0.9364186196730582,0.9310449275737439,0.9255721239519491,0.9200026384893217,0.9143705143384807,0.9086195300487294,0.9026921884739738,0.8965579692961964,0.8901894362320906,0.883696617220928,0.8771850161261283,0.87071130679379,0.864220614171797,0.857603866535162,0.8508944803173591,0.8440631928177732,0.8370994748968932,0.830044873733142,0.822883123370878,0.8157273913375522,0.8086252826165299,0.8015704044532869,0.7944395348224199,0.7871949981204621,0.779929475789387,0.7726546082764365,0.7653791197820876,0.7581193326346901,0.7508840195722806,0.7436590504618293,0.7365577362934012,0.7295146563820015,0.7224457680863712,0.7153140950894864,0.7081307500821298,0.7009376147207306,0.6938018866931521,0.6867844943399598,0.6798974165140795,0.6731174086398092,0.6664156149301359,0.6597715277865259,0.6531256801915635,0.646501243810774,0.6398492350801608,0.6333089300657923,0.6269046249467263,0.6206003628961609,0.6144070614399871,0.608231039931733,0.602106494555203,0.5960398902753686,0.5900621287757194,0.58421866240026,0.5785517658513052,0.5730023549981501,0.5674610192119733,0.5619271231059092,0.5564751800490182,0.5511201474304415,0.5458724459394142,0.540733181513479,0.5357422937147213,0.5309042129226761,0.5261588503852456,0.5214772801853315,0.5168146882454793,0.5121811544492852,0.507622799232466,0.5031650184952261,0.4988218060156179,0.4945638249451896
-0.120,0.9892465033824871,0.9948558660811578,0.9991456700058974,0.9997293460826644,0.9999042792614611,0.9999740172456325,1.0,0.9999632567127321,0.9998828196979419,0.9992836718259643,0.9979851644051013,0.9962828989348145,0.9943900115596601,0.9924520869989315,0.9905458573824117,0.988696514721164,0.9869267903975603,0.9851180488560065,0.982737509115194,0.9797275842208403,0.9761325935828155,0.9722853240058317,0.9682932882402423,0.9642803021693584,0.9602861330346177,0.9562558147849638,0.9520020174255045,0.9474000645303146,0.9424355882876083,0.937231174949249,0.9318631568322899,0.9263954355141938,0.9208323082631014,0.9152071477195487,0.9094624394084607,0.9035381263174176,0.8974025774429102,0.8910285393124886,0.88452782020178,0.8780070646982778,0.8715248744565236,0.8650281723940497,0.8584056142145973,0.8516896519403321,0.8448486189373065,0.8378732098069424,0.8308047807254119,0.8236274546831234,0.8164561422807344,0.8093394920987936,0.8022700009801214,0.7951246747207397,0.7878643240114193,0.7805810353158339,0.7732875782447401,0.7659923656773959,0.7587135080534518,0.7514594013251428,0.744215820621042,0.7370954934744541,0.7300331737770877,0.7229443871711059,0.7157924660808752,0.7085890655076792,0.7013759486997084,0.694220797007991,0.687183800419771,0.6802772965715232,0.6734776875785554,0.6667554760311324,0.6600907509266067,0.6534245996788985,0.6467804568207381,0.6401099204147318,0.6335519395855919,0.6271297502538736,0.6208077935087944,0.6145969725509204,0.6084028213924467,0.6022601855120382,0.5961760407509097,0.5901812491981144,0.5843213004155164,0.5786389498158206,0.5730747325294466,0.5675190258886745,0.5619703245315677,0.5565028908554246,0.5511323556204774,0.5458697991422432,0.5407163531702531,0.5357122133488543,0.5308622573744622,0.5261059145902098,0.5214133531134155,0.5167392609899683,0.5120944118691279,0.5075252206342034,0.5030570757921485,0.49870410637912405,0.4944371567930756
-0.140,0.9888693831950217,0.994581355705387,0.9989554833806782,0.9995751797138005,0.9997811595112021,0.9998816777901287,0.9999632567127321,1.0,0.9999715215314975,0.9994070732721431,0.9981392263501616,0.9964682290786759,0.9946040972740235,0.9926884839989327,0.9908027893123202,0.9889903008615907,0.9872576525583434,0.9854844514108889,0.9831315210848043,0.9801343479196718,0.9765480509724492,0.9727058399169421,0.9687148615624529,0.9647062663025884,0.9607226494549501,0.9567065960732254,0.9524641425877433,0.94786487951663,0.9428970613724026,0.9376848568767548,0.9323075214035952,0.9268310776113774,0.9212632882672468,0.9156357753353609,0.9098875067887169,0.9039559369284552,0.8978077180437604,0.8914163670106279,0.8848962489124007,0.8783556455923995,0.8718549303327644,0.8653446037309714,0.85870861926762,0.8519776777092148,0.8451177543234288,0.8381217159490923,0.8310307597794312,0.8238296411866866,0.8166348455028969,0.8094971100332237,0.8024072793977969,0.7952416104334499,0.7879592542501848,0.7806515321063786,0.7733328139115004,0.7660114843190685,0.7587077602906092,0.7514297339846795,0.7441636778870884,0.7370206508385091,0.7299355788310217,0.7228230682608239,0.7156467698540059,0.7084186705285223,0.7011811547396666,0.6940026756024624,0.6869426472032346,0.6800141623739528,0.6731930304251696,0.6664484699691844,0.659761129139545,0.6530725713904664,0.6464066601500913,0.6397156387785887,0.6331381803308895,0.6266962480168804,0.6203549915784576,0.6141254555355196,0.6079117893736848,0.6017497666313175,0.5956472651192602,0.5896349698336109,0.5837585169889791,0.5780605077689033,0.5724814228512205,0.5669116792541917,0.5613482387096815,0.5558650701234419,0.5504790357559759,0.5452019071387797,0.5400346210130246,0.5350176989614908,0.530156642854869,0.5253902460163659,0.5206876552471263,0.5160027264399195,0.5113473613966067,0.5067684611104322,0.5022912230285086,0.49792979519556674,0.49365528248281304
-0.160,0.9885040875300376,0.9943056597041964,0.9987453642456525,0.9993990640956779,0.9996331909772466,0.9997610656137367,0.9998828196979419,0.9999715215314975,1.0,0.9994801689377012,0.9982297194030516,0.996572864185977,0.9947269263139626,0.9928289793323346,0.9909610598599604,0.9891762947929553,0.9874740236656017,0.9857289521649738,0.9833881895057314,0.9803960872802582,0.9768126938010624,0.9729713565570589,0.9689788230789501,0.9649707387337559,0.9609932907582114,0.9569878340775095,0.9527488880252497,0.9481356006891254,0.9431522957235012,0.937925564698481,0.9325347248490474,0.927046373016339,0.9214709067628767,0.9158385101363508,0.9100835735182453,0.9041391712394452,0.8979697744954762,0.8915511079173878,0.8850047910018618,0.8784395031485309,0.8719165896452984,0.8653885709009583,0.8587353867842538,0.8519854954671865,0.8451026783298621,0.8380818244018333,0.8309630456817884,0.8237337895986274,0.8165114109539974,0.8093482068995554,0.8022337993703538,0.7950437632188839,0.7877354986261718,0.7803998438628305,0.7730523030358869,0.7657012647746705,0.7583687832219942,0.7510631576217789,0.7437708083026302,0.7366009896843665,0.7294888850651209,0.7223486526108552,0.7151441617878311,0.7078876350685978,0.7006218433519754,0.6934152232243681,0.6863272962241003,0.6793714142011559,0.672523126217907,0.665750960609416,0.6590359954688804,0.6523200417194595,0.6456270324306408,0.6389096282690138,0.6323061721040657,0.6258377117350691,0.6194698329976689,0.6132141515398254,0.6069746014906403,0.6007869101805865,0.5946595722308359,0.588623226260458,0.5827232823194817,0.5770018641764619,0.5713993220570397,0.565806500475222,0.5602204115933894,0.554714771252159,0.5493068326538199,0.544008573894417,0.5388208463463003,0.5337841481570063,0.5289041283385353,0.524119515087085,0.5193992677237229,0.5146965277120789,0.5100238267073536,0.5054287875265356,0.5009364505036463,0.496560777038895,0.4922728058048011
-0.180,0.9856650037429566,0.9924534672429993,0.9976697758150135,0.9985772615304274,0.9989287092189336,0.9991198752198526,0.9992836718259643,0.9994070732721431,0.9994801689377012,1.0,0.9993163665715713,0.9980676787879534,0.9965526600026389,0.9949308924940525,0.9932972675297614,0.9917191919050087,0.9901995051708888,0.9886095039745558,0.9864475219386638,0.9836116486520473,0.9802092352155634,0.9766079485760949,0.972865465435997,0.9691196241722753,0.9653911253149585,0.9615984678048953,0.9575449041728926,0.9530872714575859,0.948237562756866,0.9431509139746599,0.9379111046118058,0.932575077360258,0.9271522281274917,0.9216648738249946,0.9160340573210126,0.9101863883277129,0.9041022250006145,0.8977702749458619,0.891313558187758,0.884836533075837,0.8783957791360998,0.8719392579745593,0.8653465065835744,0.8586250921249908,0.8517544636735046,0.8447418654485109,0.8376333441765383,0.8304172152404743,0.8232100499917964,0.8160551006753589,0.8089388399866175,0.8017365030290544,0.7944076139950224,0.7870428876085936,0.7796615673235096,0.7722731001813136,0.764895581878415,0.7575326874373182,0.7501816315410971,0.7429474261375923,0.7357689092137687,0.728564019062702,0.7212978052100832,0.7139781458152737,0.7066423971140867,0.6993562214887291,0.6921843683801561,0.685141378950097,0.678202198930201,0.6713399363404563,0.6645378736465957,0.657737348767386,0.650956642800306,0.6441477513272518,0.637448855661752,0.630882417050893,0.624414788377601,0.61806198132623,0.6117281739778702,0.6054490122186271,0.5992283543052125,0.593095632030074,0.5870995364272648,0.5812818698949976,0.5755829066537205,0.5698970175739165,0.5642212214130394,0.5586264912756905,0.5531283260448683,0.5477399789143277,0.5424639042717697,0.5373410812547469,0.5323751808409387,0.5275056772599445,0.5227035397426546,0.5179223693192452,0.5131730628418697,0.5085015189956845,0.5039340173605465,0.49948573450034883,0.4951272938188204
-0.200,0.9804197922624303,0.9886323997735323,0.9954491920259649,0.9968622866757222,0.9974453402141733,0.9977579827947652,0.9979851644051013,0.9981392263501616,0.9982297194030516,0.9993163665715713,1.0,0.9995761194158436,0.998714964459604,0.9976299566470785,0.9964461705036454,0.9952497397676705,0.994058064805452,0.9927622856555712,0.9909579110834504,0.9885495245591505,0.9855324385379691,0.9823378895732654,0.9790100054210286,0.9757046546597198,0.972401509723611,0.9690177010135427,0.9653737114055458,0.9613359152985241,0.956873465570603,0.952147510604022,0.9472605097503582,0.9422577384630392,0.9371469721310751,0.9319585757817095,0.9266257609654255,0.9210770196529603,0.915278961425617,0.909239152257466,0.903066431380122,0.8968545396077237,0.8906636509891886,0.884443746207272,0.878080762136497,0.8715666893074352,0.8648734417836575,0.8580343160409183,0.8510923589487336,0.8440312902667545,0.8369799029803666,0.8299741297796523,0.8229979885547132,0.8159231355129525,0.8087064389430368,0.8014501627341375,0.7941632900705785,0.7868522066987351,0.7795378319464948,0.7722264535852664,0.7649170189375121,0.7577154954955616,0.7505598360074773,0.7433737251705465,0.7361213262020251,0.7288077828195649,0.7214688082289868,0.7141680868301538,0.7069687726561578,0.6998873055710767,0.6929007238271679,0.6859872320990988,0.6791277115826257,0.6722586908144571,0.6654024195913352,0.658512283842909,0.6517259537483157,0.6450672577642638,0.6385052786926502,0.6320550745462702,0.6256197195513022,0.6192290725007473,0.6128888392547076,0.606631673504844,0.600506018225105,0.5945552522064835,0.588721233323559,0.5828983065099197,0.5770820270295107,0.5713447650587588,0.5657008592055217,0.5601652434988433,0.5547416523385063,0.5494707019725352,0.5443578949232581,0.5393386258279795,0.534385717881181,0.5294548602089839,0.524556285139702,0.5197363198367658,0.5150221355785909,0.5104311834051412,0.5059314475856491
-0.220,0.9753906357281077,0.984660741706044,0.9929136086031098,0.9947746791771491,0.9955663762413341,0.9959927210079569,0.9962828989348145,0.9964682290786759,0.996572864185977,0.9980676787879534,0.9995761194158436,1.0,0.9997375394187795,0.9991392501251912,0.9983620230954776,0.9975066518937656,0.9966080817608879,0.9955725237290235,0.9940254264916252,0.9919102277802418,0.9892726327250907,0.9864861895640089,0.983546543839786,0.9806301702674225,0.9776949957474252,0.9746643286001353,0.9713587192146245,0.9676490677449358,0.9635197896017709,0.9591329872588283,0.954577774999584,0.9498862914812563,0.9450744663768387,0.9401660206465198,0.9350990981727489,0.9298057916548883,0.9242674489617271,0.9184925667414874,0.9125860640468959,0.9066241254241355,0.9006676044547349,0.8946650962370669,0.8885120947331688,0.8821944632729476,0.8756897507415421,0.8690315897013382,0.8622620392364085,0.8553671051027238,0.8484784088518609,0.8416227324086429,0.8347883635958032,0.8278482409750574,0.8207561514994155,0.8136196950372167,0.8064473720509786,0.7992413677911775,0.7920234599508361,0.784796256974187,0.7775595954142254,0.7704211673212641,0.7633226885503097,0.7561906009791974,0.7489885514918101,0.7417203674870212,0.7344208144496801,0.7271536701800935,0.7199789370669927,0.7129117653488379,0.7059316023638476,0.6990209912594059,0.6921602266807813,0.6852858841318066,0.6784172853985984,0.6715090212651789,0.6646991258691791,0.6580111067476792,0.651416666065964,0.6449310556987417,0.6384587199564301,0.6320264545004278,0.6256388719799789,0.6193296411655245,0.613147177422302,0.6071351992071111,0.6012361669208383,0.5953475603099617,0.5894642221163212,0.5836575365871713,0.5779408993114329,0.5723305259631444,0.5668306822178616,0.5614800016391139,0.5562850884699192,0.5511819840495331,0.5461446994175184,0.5411295160659153,0.5361464402772863,0.53124190321699,0.5264433884428212,0.521767851255696,0.5171830678350978
-0.240,0.9707919417392107,0.9808647796594775,0.990323383186933,0.99255657799434,0.9935229670851724,0.9940460339025591,0.9943900115596601,0.9946040972740235,0.9947269263139626,0.9965526600026389,0.998714964459604,0.9997375394187795,1.0,0.9998203103040528,0.9993922617815937,0.9988296966918954,0.9981835221911777,0.9973728531082171,0.9960456884816525,0.9941761381582235,0.9918208053077625,0.9893578327507151,0.9867480420145052,0.9841680253966517,0.9815476980185334,0.978817642688231,0.975798837523592,0.9723642335394503,0.9685017842110745,0.9643812633614256,0.960097131024514,0.955665137445903,0.9511018398164817,0.9464304924270277,0.9415914261603159,0.9365137100450357,0.9311859672435764,0.9256279779553078,0.9199382398751731,0.9141817468098608,0.9084207359373431,0.902601541835493,0.8966243633127695,0.8904669185260342,0.8841124101011143,0.8776055225941192,0.8709822354105808,0.8642257058782488,0.8574720769554867,0.8507429502624865,0.8440277987733222,0.8371993240418075,0.8302100341167765,0.8231753036717182,0.816100061849208,0.8089816406437215,0.801842707317777,0.7946851255420858,0.787510578425832,0.7804287952207225,0.7733834391451379,0.7663022231429499,0.7591468302124894,0.7519186077263399,0.7446524515234991,0.7374127092902611,0.730260677410972,0.7232113045471033,0.7162437190818742,0.7093428134918862,0.7024873162596645,0.6956127024605558,0.6887373918619019,0.6818188789991568,0.674996319315637,0.6682919926698093,0.661678724050645,0.6551713276691995,0.6486754956044097,0.642215723868245,0.635796036062406,0.6294522364967998,0.6232320420512536,0.6171785449459652,0.6112343009770294,0.6052998785841897,0.5993701308142982,0.5935150524767204,0.5877479259840507,0.5820855995221605,0.5765324643701886,0.5711266928023063,0.5658751278659546,0.5607140763479489,0.5556182293504324,0.5505443331794161,0.545502354525829,0.5405383397239514,0.5356801883782141,0.5309454191532519,0.5263013731900403
-0.260,0.9666209565910142,0.9773536009687329,0.987801332026462,0.9903453235509794,0.9914584953785942,0.9920638069754006,0.9924520869989315,0.9926884839989327,0.9928289793323346,0.9949308924940525,0.9976299566470785,0.9991392501251912,0.9998203103040528,1.0,0.9998706860243494,0.9995573759895595,0.9991263274567316,0.9985084503763295,0.9973684854352843,0.9957065767667708,0.9935881707518944,0.9913915171489703,0.9890550791171551,0.9867557745325708,0.9844022692638786,0.9819284758640467,0.9791526724303725,0.9759492714594593,0.9723101787437163,0.9684112463656277,0.9643499964512845,0.9601318901293922,0.9557769959873205,0.951305234469651,0.9466559778566525,0.9417563718756458,0.9366031346956161,0.9312244395836297,0.9257124727925614,0.9201243686888978,0.9145253222260417,0.9088590919965505,0.9030289458269636,0.8970045913750144,0.8907740471702018,0.8843891614198559,0.8778821615745525,0.8712361386446871,0.8645923088966774,0.8579672556676918,0.8513508281912278,0.8446149369597664,0.8377098505269184,0.8307568924720324,0.8237590176336983,0.8167108030712864,0.8096355530394557,0.8025337578377009,0.7954086768788159,0.7883713277457254,0.7813668246590296,0.7743241925923401,0.7672048262533855,0.7600085242191876,0.7527694914721853,0.7455517994245362,0.7384170234302916,0.7313798616935623,0.7244199242972381,0.7175245734046858,0.7106721132439315,0.7037963848106962,0.6969143713956945,0.6899854837911513,0.6831500025795846,0.6764297468862841,0.6697988919189849,0.6632728362499742,0.6567578480087133,0.6502754950976785,0.6438286072041887,0.6374548058747058,0.6312019327500269,0.625112929384063,0.6191309125639038,0.6131585234189895,0.6071904556553599,0.6012952589793473,0.5954858478694462,0.5897799461643635,0.5841826547827639,0.5787317224587718,0.5734336593788474,0.5682249102215317,0.5630809117192154,0.5579590922007399,0.5528691242257256,0.5478567943929616,0.5429503990376031,0.538167978670708,0.5334760654770716
-0.280,0.9628383431395049,0.9741247089608891,0.9853983449907288,0.9882047462450813,0.989442735180114,0.9901188562902054,0.9905458573824117,0.9908027893123202,0.9909610598599604,0.9932972675297614,0.9964461705036454,0.9983620230954776,0.9993922617815937,0.9998706860243494,1.0,0.9999029002794155,0.9996580190988108,0.999207613151335,0.9982290722562174,0.9967446937838872,0.9948281367755986,0.9928575391158915,0.9907513708104227,0.9886890950729591,0.9865628931828713,0.9843081777757008,0.9817409520591731,0.9787350136840408,0.9752852577704115,0.9715738704431688,0.9677009331943138,0.9636625826649804,0.9594825149350986,0.9551783296093466,0.9506891468638334,0.9459396594027263,0.9409328215446251,0.9357041001645695,0.9303406390483526,0.9248929246099669,0.9194284833216879,0.9138886860261034,0.9081796573800293,0.9022653135353903,0.8961377676059523,0.8898540805922268,0.8834432954929066,0.8768883341862822,0.8703343363321943,0.8637938402057727,0.8572570308920342,0.8505958940345383,0.8437588465165738,0.8368717662929515,0.8299361511598877,0.8229442601108742,0.8159196901625131,0.8088618296715737,0.8017751674121284,0.7947724957068085,0.7877998820077673,0.7807869708704098,0.7736946229382163,0.7665214163613466,0.7593016308959479,0.7520990365359911,0.7449757608336957,0.7379461374753352,0.7309900577763427,0.7240968019615717,0.7172441313198782,0.7103647290799716,0.7034742466306805,0.6965336497998424,0.6896845810565968,0.6829484269051862,0.676300427523873,0.6697560542854718,0.6632224709487256,0.6567187521457741,0.6502467328753041,0.6438454888545248,0.6375629505865382,0.6314419905495944,0.6254261993511114,0.6194199284559343,0.6134177934186701,0.60748738836258,0.6016408835167252,0.5958968256336031,0.5902609341471704,0.5847705503155253,0.5794319388675561,0.5741818185696995,0.5689963298938524,0.5638330724500411,0.558701691683525,0.5536477864523132,0.5486999932321053,0.5438768241393837,0.5391442687664856
-0.300,0.959407017921348,0.971171896202103,0.9831267021361241,0.9861490912797596,0.9874903175532947,0.9882256405439859,0.988696514721164,0.9889903008615907,0.9891762947929553,0.9917191919050087,0.9952497397676705,0.9975066518937656,0.9988296966918954,0.9995573759895595,0.9999029002794155,1.0,0.9999241017486205,0.999624920218138,0.9987897623347491,0.9974570012900493,0.9957120996949113,0.9939335783499075,0.992022611446014,0.9901639383361024,0.9882362328207868,0.9861735902578591,0.9837884732637199,0.9809524314736552,0.9776637331600053,0.9741117036588092,0.9703984481659046,0.9665125604857028,0.96248310166139,0.9583236187868263,0.9539719625789927,0.949350375725662,0.9444666522047162,0.9393631924609284,0.9341240067132592,0.9287938267295627,0.9234420037103703,0.9180094614836916,0.9124030389407511,0.9065815966768705,0.9005396087820356,0.8943396798920981,0.8880077430902845,0.8815272726835219,0.8750470539253121,0.868576598570502,0.8621059404061499,0.8555063692891788,0.8487244443777446,0.8418897524565863,0.835003574802665,0.8280558182265448,0.8210709011578285,0.8140470911717933,0.8069907578720837,0.8000151605476898,0.7930673024470983,0.7860768964902389,0.7790044009352587,0.7718473588429089,0.7646403683913586,0.7574471328424787,0.7503300729337755,0.7433039168453665,0.7363484834106019,0.7294544828550752,0.7225989993383976,0.715713640713893,0.708812820550137,0.701859146612662,0.6949953704395184,0.6882425697497203,0.6815772904341586,0.6750151913974125,0.668463344830957,0.6619390192323148,0.6554432400370398,0.6490162810925394,0.6427060357116762,0.6365555575157789,0.6305090279596762,0.6244721907394701,0.6184390443447332,0.6124763554294382,0.6065959866543253,0.6008173180963716,0.5951466675950587,0.5896209040373743,0.5842463040768964,0.578959736714078,0.5737377227897312,0.5685377004385868,0.5633697123619785,0.5582793228658091,0.553295285300655,0.5484364780730582,0.5436685466011872
-0.320,0.9562671279013137,0.968447377175852,0.9809860020667717,0.9841953383807699,0.9856267886679415,0.9864147147010387,0.9869267903975603,0.9872576525583434,0.9874740236656017,0.9901995051708888,0.994058064805452,0.9966080817608879,0.9981835221911777,0.9991263274567316,0.9996580190988108,0.9999241017486205,1.0,0.9998374836937992,0.9991296554080809,0.997928854546159,0.9963332799695395,0.9947213396873557,0.9929796077496994,0.9912977081498585,0.9895432142516025,0.9876496559485481,0.9854244788263338,0.9827363837502587,0.9795867383481385,0.9761724435148834,0.9725969283279896,0.968842242368115,0.964942812362127,0.9609084264310042,0.9566753150995284,0.9521632956993782,0.9473841905547148,0.9423868585964773,0.937253066635286,0.9320230924744834,0.9267669548243466,0.9214250738560654,0.915905127735794,0.9101613557192484,0.9041903087107391,0.8980598669264911,0.8917932379138462,0.8853744666417895,0.8789555668150336,0.8725433680143623,0.8661276260303299,0.8595785944870227,0.852840827206748,0.8460477511755766,0.8392005475120817,0.8322872613483757,0.8253333332646796,0.8183358092416659,0.8113026632622924,0.8043472865320277,0.7974176053382632,0.7904434765091659,0.7833847936212274,0.7762381829980066,0.7690387825397308,0.7618502611278386,0.7547353251652084,0.7477087844283934,0.7407508285905234,0.7338533207333009,0.7269926066672249,0.7200992785514108,0.7131864209784621,0.7062183243228868,0.6993389235061997,0.6925686312206772,0.6858852716496588,0.679304768026268,0.6727344457488489,0.66618977630355,0.6596712318263659,0.6532196871245877,0.6468830595243481,0.6407046019450009,0.6346291022944346,0.6285634892474092,0.6225016139011702,0.6165089440818555,0.6105973477483113,0.6047867264046753,0.5990840823732934,0.5935258402970939,0.5881183315774992,0.582798355157441,0.5775430237313816,0.5723098592462059,0.5671090504729202,0.5619859127871244,0.5569694173261632,0.5520787165985449,0.5472791480036665
-0.340,0.9531097441447987,0.9657009559248589,0.9788070438269614,0.9822013797069997,0.9837234198113894,0.984565293724366,0.9851180488560065,0.9854844514108889,0.9857289521649738,0.9886095039745558,0.9927622856555712,0.9955725237290235,0.9973728531082171,0.9985084503763295,0.999207613151335,0.999624920218138,0.9998374836937992,1.0,0.99944236131845,0.9983489558749445,0.9968735025818681,0.9953967027437739,0.993792607216026,0.9922553174975574,0.9906442118147283,0.988930322226954,0.9869735316689738,0.984444363673372,0.9814158915616308,0.9781126453422985,0.9746477367227485,0.97099818364518,0.9672035633780307,0.9632805887470841,0.9591721021377424,0.9547983043942995,0.9501224931622976,0.9452163494375077,0.9401725273231655,0.9350275359689496,0.9298523139784306,0.9245870534208985,0.9191334595853621,0.9134662161021211,0.907564385100526,0.9014937343779317,0.8952787579252631,0.888910370215567,0.8825445210184295,0.8761830714229081,0.8698104577426403,0.8633048793183746,0.8566109743983583,0.8498547725447653,0.8430395018516563,0.8361523572632108,0.8292222492792762,0.8222461106787718,0.8152293769313915,0.8082869834666172,0.8013713094566235,0.7944145909342174,0.78737289770454,0.7802382495987229,0.7730435313640526,0.7658580746077351,0.7587426823612501,0.7517119376886415,0.7447508047502492,0.7378513714035934,0.7309932670301842,0.7241026538775552,0.7171869692418893,0.7102116527763125,0.7033220975364496,0.6965365177450151,0.6898393476661698,0.68324673522157,0.6766646621575875,0.6701113190625471,0.6635854365499397,0.6571240129191045,0.6507725912673193,0.6445738158467516,0.6384763769935365,0.6323871225790116,0.6263030775956425,0.6202907717648335,0.6143604559397636,0.6085320168123933,0.602810622378644,0.5972311473730866,0.5917973898139212,0.5864476577442728,0.5811604843304335,0.5758986390475087,0.570671967946863,0.5655241364600588,0.5604835093047983,0.5555694742939562,0.5507446858854638
-0.360,0.9490748234018401,0.9622210580528016,0.976012382250363,0.9796259300455966,0.9812502212760107,0.9821482714624985,0.982737509115194,0.9831315210848043,0.9833881895057314,0.9864475219386638,0.9909579110834504,0.9940254264916252,0.9960456884816525,0.9973684854352843,0.9982290722562174,0.9987897623347491,0.9991296554080809,0.99944236131845,1.0,0.9991914956935676,0.9978494349711416,0.996503747075253,0.9950238532754526,0.9936112189970061,0.9921188720002324,0.9905230874607255,0.9887916937110838,0.9866719948347172,0.9839710864774637,0.9808486420537746,0.9775221252928259,0.9739926721885728,0.9703078641166496,0.9664974205120124,0.9625213189148121,0.9583503871675471,0.9538490998895687,0.9491089093233234,0.9442116737170415,0.9391752768889688,0.934093512929633,0.9289360567337278,0.9235835961907227,0.918033068243626,0.9122219789189159,0.9062180021033904,0.9000685243886134,0.8937602639371888,0.8874496435600115,0.8811557378202228,0.8748472768469618,0.8683989993372189,0.8617610549214211,0.8550395365010127,0.8482434413348557,0.8413809373997497,0.8344793588974945,0.8275370726077966,0.8205453105771426,0.8136176112286224,0.8067078254024447,0.7997567587593281,0.7927103463625721,0.7855744516533139,0.778401762950347,0.7712445835837227,0.7641503637428623,0.757122475014789,0.7501533115540439,0.7432330618034472,0.7363453206635777,0.7294278403021449,0.722498553818582,0.7155214708621598,0.7086297225119158,0.7018418114096883,0.6951349744131753,0.6885239245344046,0.6819170226058952,0.6753391623420988,0.6687930024780024,0.6623080086690538,0.6559317086786137,0.6497037681227277,0.6435748820151393,0.6374473701746239,0.6313311754268908,0.6252944855311744,0.6193356592304954,0.6134744094563069,0.6077231458417032,0.602115513569704,0.5966492955047157,0.5912637374072959,0.5859379349918236,0.5806388292973022,0.575371698183367,0.5701833902712722,0.5651035332764094,0.5601493413208305,0.5552895765481518
-0.380,0.9441288171131275,0.9579196068810112,0.9725321301702864,0.9764046206130103,0.978146989225161,0.9791074302548832,0.9797275842208403,0.9801343479196718,0.9803960872802582,0.9836116486520473,0.9885495245591505,0.9919102277802418,0.9941761381582235,0.9957065767667708,0.9967446937838872,0.9974570012900493,0.997928854546159,0.9983489558749445,0.9991914956935676,1.0,0.9991439173350599,0.9979795710624073,0.9966446639784196,0.9953688588536143,0.9940015944180923,0.9925170502928546,0.9908854372582107,0.989056699046089,0.9868485317330704,0.9841734496754366,0.9812236007940089,0.9779357970634507,0.9744235337342502,0.9707521807864398,0.9669084865713206,0.9628976442273027,0.9586760001302219,0.9541463378177162,0.9493802344024705,0.9445161722218458,0.939612819198255,0.9346278711400182,0.9294466162558529,0.9240829622083652,0.9184724545797789,0.9126297533432255,0.9065761441281442,0.90035478483195,0.894130172888678,0.8879205713857353,0.8817053741307762,0.8753805915427264,0.8688578166649154,0.8622181966353215,0.855480718694853,0.8486751146614147,0.8418281626442469,0.8349412339813195,0.8280149978452361,0.8211541263438931,0.8142826240995426,0.8073335324415299,0.8002866831860614,0.7931482996407968,0.7859647228790023,0.7788115034927433,0.7717340161317691,0.7647351063253304,0.7577804928818337,0.7508509492377942,0.7439417009585899,0.7369924205187341,0.7300250294590453,0.7230171416939402,0.7160888040418717,0.709264029015437,0.7025232866322182,0.6958791411053404,0.6892366030644996,0.6826162793655671,0.6760224829638567,0.6694874016222608,0.6630647171029734,0.6567946074147285,0.6506251525012815,0.6444542016092082,0.6382790633477301,0.6321747024629429,0.6261521632999436,0.6202285893092901,0.6144164790963014,0.6087592968846399,0.6032489519016461,0.5978183302512552,0.5924415379679575,0.5870791834709065,0.581743875716792,0.5764916795665606,0.5713500340903718,0.566335273683032,0.5614167200451988
