,s1,-0.1,-0.2,-0.3,-0.4,-0.5,-0.6,-0.7,-0.8,-0.9,-1,-1.1,-1.2,-1.3,-1.4,-1.5,-1.6,-1.7,-1.8,-1.9,-2,-2.1,-2.2,-2.3,-2.4,-2.5,-2.6,-2.7,-2.8,-2.9,-3,-3.1,-3.2,-3.3,-3.4,-3.5,-3.6,-3.7,-3.8,-3.9,-4,-4.1,-4.2,-4.3,-4.4,-4.5,-4.6,-4.7,-4.8,-4.9,-5,-5.1,-5.2,-5.3,-5.4,-5.5,-5.6,-5.7,-5.8,-5.9,-6,-6.1,-6.2,-6.3,-6.4,-6.5,-6.6,-6.7,-6.8,-6.9,-7,-7.1,-7.2,-7.3,-7.4,-7.5,-7.6,-7.7,-7.8,-7.9,-8,-8.1,-8.2,-8.3,-8.4,-8.5,-8.6,-8.7,-8.8,-8.9,-9,-9.1,-9.2,-9.3,-9.4,-9.5,-9.6,-9.7,-9.8,-9.9,-10
s1,1,0.989740743,0.980419792,0.959407018,0.938478058,0.90990386,0.878557434,0.8443983,0.807828285,0.770817327,0.732957562,0.695358654,0.659034249,0.623504451,0.590323846,0.558739355,0.529523906,0.50282937,0.47815449,0.456361114,0.436313832,0.418811083,0.403381869,0.389684775,0.3781022,0.367672828,0.358989573,0.351470185,0.345009653,0.339557916,0.335011556,0.331179155,0.328139924,0.325705612,0.323872346,0.322622044,0.321931799,0.321695694,0.322010384,0.322672225,0.323898925,0.32525163,0.327192459,0.329124126,0.331459259,0.333792829,0.336207314,0.338634303,0.340914912,0.343126313,0.345111762,0.34688678,0.348397597,0.349575535,0.350472839,0.351007283,0.351276905,0.351163182,0.350786581,0.350090113,0.349085444,0.347789561,0.346160347,0.344168243,0.341871257,0.339271067,0.336473496,0.33349699,0.330358034,0.327170079,0.323922377,0.320623521,0.317335108,0.314054743,0.310791772,0.307593155,0.304462794,0.301408375,0.29846181,0.295641596,0.292879878,0.290351733,0.287873707,0.285663346,0.283745078,0.282094666,0.280680383,0.279524745,0.278474765,0.277614899,0.276865395,0.276232507,0.27570668,0.275241481,0.274813204,0.274356299,0.273817795,0.273147425,0.272271193,0.27123942,0.270117139
-0.1,0.989740743,1,0.997757983,0.988225641,0.975482717,0.955496801,0.931044928,0.902692188,0.870711307,0.837099475,0.801570404,0.76537912,0.729514656,0.693801882,0.6597715,0.626904552,0.596040607,0.567462714,0.540741537,0.516856557,0.494669852,0.475077024,0.457606026,0.441966361,0.428561004,0.416404641,0.406127647,0.397148107,0.389313379,0.382619127,0.376931638,0.372051679,0.368070999,0.364787847,0.362194327,0.360266113,0.358984404,0.358238664,0.358102414,0.358386039,0.359288231,0.360356511,0.362059843,0.363770935,0.365900224,0.368043066,0.370274947,0.372515438,0.374608798,0.376634425,0.378417247,0.379990632,0.381277793,0.382223956,0.382880594,0.383148383,0.383157733,0.382757803,0.382108956,0.38112767,0.379853605,0.378299491,0.376437152,0.374227541,0.371743025,0.368971005,0.366011467,0.362883553,0.359597777,0.356266674,0.352872732,0.349434123,0.346007525,0.342584217,0.339182989,0.335843202,0.332565945,0.329358751,0.326269497,0.323302538,0.320402089,0.317745394,0.315135832,0.312803408,0.310765883,0.308994207,0.30747557,0.306221977,0.305091767,0.304178284,0.303378565,0.302726105,0.302164872,0.301664516,0.301169762,0.300627943,0.299961747,0.29914465,0.298087846,0.296862882,0.295530064
-0.2,0.980419792,0.997757983,1,0.99524974,0.985532439,0.969017701,0.94726051,0.92107702,0.890663651,0.858034316,0.822997989,0.786852207,0.750559836,0.714168083,0.679127687,0.645067192,0.612889532,0.582900019,0.554749375,0.529487719,0.505995167,0.485200566,0.46668069,0.450126382,0.435951145,0.423186085,0.412412263,0.403035843,0.394916755,0.387997435,0.382126834,0.37711421,0.373036695,0.369670982,0.367013916,0.365035403,0.363724156,0.362938017,0.362784331,0.363059652,0.363957956,0.365044786,0.366769611,0.368528183,0.370714103,0.372936005,0.375250723,0.377589242,0.379785185,0.381923002,0.383811312,0.385490307,0.386867335,0.38790019,0.388622414,0.388944573,0.388990483,0.388615943,0.387979205,0.38700352,0.385728261,0.384168232,0.382304315,0.380091195,0.377606669,0.374838872,0.371886509,0.3687643,0.365485143,0.362158253,0.358768534,0.355334868,0.351913446,0.348497437,0.345104243,0.341772898,0.338503724,0.335297967,0.332213882,0.329243125,0.326335467,0.323670205,0.321048101,0.318699806,0.316651084,0.314868262,0.3133467,0.31209661,0.310982883,0.310093438,0.309327248,0.308714203,0.308191282,0.307728907,0.3072634,0.306748097,0.306093905,0.305286599,0.304226845,0.302995086,0.301647847
-0.3,0.959407018,0.988225641,0.99524974,1,0.9957121,0.98617359,0.970398448,0.949350376,0.923442004,0.89433968,0.86210594,0.828055818,0.793067302,0.75744713,0.722598979,0.688242512,0.655443882,0.624473851,0.595152013,0.568557115,0.543660075,0.521432734,0.501502673,0.483611887,0.468149566,0.45421886,0.442348225,0.431947688,0.422917812,0.415158982,0.408482689,0.40275186,0.397997392,0.393986086,0.390721446,0.388175703,0.386342656,0.385072026,0.384483474,0.384383726,0.384952077,0.385767669,0.387259583,0.38882425,0.39083542,0.392902139,0.395071695,0.397264083,0.399307985,0.401290109,0.403012315,0.404520804,0.405719597,0.406570497,0.407111942,0.407253804,0.407130696,0.406595714,0.405815282,0.404711992,0.403331076,0.401691581,0.399777647,0.39753716,0.395052727,0.392302072,0.389376041,0.386281054,0.383030866,0.379721326,0.376339573,0.372909643,0.369479764,0.366049589,0.362638471,0.359273158,0.355974365,0.352721491,0.349595522,0.346577468,0.343622883,0.340908171,0.338239036,0.33583484,0.333731868,0.331884586,0.330301424,0.328983728,0.327813891,0.326871268,0.326049697,0.325392666,0.324810346,0.324286492,0.323743513,0.323142137,0.322384633,0.321471931,0.320296478,0.318947782,0.317481636
-0.4,0.938478058,0.975482717,0.985532439,0.9957121,1,0.994501403,0.984559039,0.967647898,0.945415489,0.919446564,0.889227696,0.856722407,0.822730908,0.787392726,0.752584166,0.717808937,0.684318022,0.652473256,0.622118934,0.594443314,0.568355712,0.544929199,0.523766456,0.504667802,0.487993303,0.472910019,0.459960273,0.448551487,0.438597747,0.430011413,0.422631908,0.416297596,0.411016352,0.406594898,0.403031894,0.400203514,0.398188285,0.396763703,0.396020333,0.395796692,0.39622532,0.396886815,0.398238473,0.39964058,0.401497284,0.403427515,0.405464407,0.407544376,0.409500066,0.411404499,0.413063125,0.414513076,0.415653815,0.416443228,0.416919869,0.41697655,0.416781223,0.416142757,0.415285468,0.414083219,0.412620261,0.41090162,0.40891593,0.406617863,0.404083377,0.401296736,0.398340121,0.395215368,0.391938865,0.388590119,0.385161492,0.381675881,0.37818263,0.374676483,0.371191879,0.367750258,0.364367512,0.361042278,0.357837817,0.354753808,0.351741939,0.348971634,0.346251347,0.343798216,0.341640882,0.339744099,0.338116318,0.336749232,0.335554996,0.334581544,0.333740044,0.33306307,0.332458999,0.3318999,0.331303672,0.330637151,0.329794871,0.328796982,0.327529328,0.326098216,0.324554461
-0.5,0.90990386,0.955496801,0.969017701,0.98617359,0.994501403,1,0.995257635,0.985379835,0.968713579,0.947239332,0.921300928,0.8918392,0.860252045,0.826636171,0.792744634,0.75839331,0.724792536,0.692421663,0.661217754,0.632413187,0.605074151,0.580331464,0.557812601,0.537413795,0.519525586,0.503315502,0.489327183,0.477026421,0.466217157,0.456853983,0.448767394,0.441737686,0.435827998,0.43078869,0.426625969,0.423269377,0.420688502,0.418796108,0.417590664,0.41694599,0.416995569,0.417298027,0.418319712,0.419424569,0.42099455,0.422658578,0.424469899,0.426298421,0.428046636,0.429742014,0.431200015,0.432470651,0.433423199,0.43404816,0.434357174,0.434261807,0.433913987,0.433144856,0.432149762,0.430842124,0.429268845,0.427476513,0.425434911,0.423118806,0.420590724,0.417838571,0.414932848,0.411879713,0.408687805,0.405435949,0.40210819,0.398738435,0.395360358,0.391977954,0.388615199,0.385301395,0.38203592,0.378824617,0.375729305,0.372733744,0.369800962,0.367089198,0.364401884,0.361964589,0.359797469,0.357853397,0.356179448,0.354753792,0.353473881,0.352451545,0.351534509,0.350812629,0.3501474,0.349534553,0.348877919,0.348153,0.347255869,0.346207108,0.344898822,0.343440259,0.341874317
-0.6,0.878557434,0.931044928,0.94726051,0.970398448,0.984559039,0.995257635,1,0.995157205,0.985357895,0.968945294,0.947340923,0.921729054,0.892838555,0.861333374,0.828802178,0.79516912,0.761889078,0.729273209,0.697551755,0.667964263,0.639624244,0.613707222,0.589940197,0.568226915,0.548978204,0.5314436,0.516165538,0.50259795,0.490647063,0.480193596,0.471123903,0.463217803,0.456516454,0.450797971,0.44603623,0.442177975,0.439183993,0.436942361,0.435435965,0.434551997,0.434388434,0.434516114,0.435380783,0.436352583,0.437801826,0.439346261,0.4410548,0.442783681,0.444425581,0.446018533,0.447367668,0.448520866,0.449347732,0.449835254,0.449997989,0.44975506,0.449248668,0.448330693,0.447190669,0.445741995,0.444050333,0.442153135,0.440028713,0.437657839,0.435096058,0.432341415,0.429439872,0.426396046,0.423216852,0.419964646,0.416622306,0.413225307,0.409814292,0.406380503,0.402961094,0.399595218,0.396261826,0.392981667,0.389824897,0.386757154,0.383764652,0.380980524,0.378231991,0.375733846,0.373502949,0.371496376,0.369760434,0.368267569,0.366935948,0.365847715,0.364868246,0.364075254,0.363325081,0.362622541,0.361864298,0.361039377,0.360043994,0.358913731,0.357540193,0.356039199,0.354448799
-0.7,0.8443983,0.902692188,0.92107702,0.949350376,0.967647898,0.985379835,0.995157205,1,0.995218618,0.985313882,0.969050332,0.94755697,0.922442982,0.893698291,0.863244497,0.83104593,0.798493733,0.766111081,0.734153687,0.70397231,0.67474853,0.647805032,0.622862,0.599952471,0.57951954,0.560818742,0.544426353,0.529863716,0.51699275,0.505686759,0.49586051,0.487268806,0.479919669,0.473618279,0.468343081,0.463970069,0.460499248,0.457830334,0.455910937,0.454649472,0.454137301,0.453931276,0.454505029,0.455182,0.456368322,0.457663229,0.459134173,0.460625013,0.462060788,0.463440932,0.46459298,0.465567391,0.466209639,0.466533605,0.466547404,0.466147935,0.465519368,0.464483815,0.463243589,0.461724277,0.459968245,0.458043548,0.455906306,0.453552681,0.451030131,0.448324509,0.445499004,0.442533057,0.439450698,0.436297625,0.433063545,0.429774094,0.426469194,0.423138919,0.419814835,0.416541833,0.413291373,0.410097423,0.407007474,0.40401746,0.401083211,0.398346989,0.395635589,0.393144188,0.3908957,0.388839661,0.387042927,0.385462823,0.384047322,0.382870266,0.381804985,0.380929995,0.380098499,0.379314705,0.378475964,0.3775687,0.376500601,0.375298151,0.373873672,0.372320453,0.370697775
-0.8,0.807828285,0.870711307,0.890663651,0.923442004,0.945415489,0.968713579,0.985357895,0.995218618,1,0.995491616,0.985911196,0.969841453,0.949112386,0.924250332,0.896599576,0.866526078,0.835405469,0.803772293,0.772125335,0.741669057,0.71194598,0.684127524,0.65811037,0.633993421,0.612228739,0.592264419,0.574561029,0.558757176,0.544771009,0.532373762,0.52157811,0.512114841,0.503946326,0.496934188,0.490967211,0.486012908,0.481998732,0.478828113,0.476462785,0.474801944,0.473912833,0.473380792,0.473632909,0.474040837,0.474959759,0.476015436,0.477270627,0.478560712,0.479802247,0.481015233,0.481991016,0.482803855,0.483284052,0.483451671,0.483302035,0.482746332,0.481966465,0.480772489,0.479390013,0.477725048,0.475833484,0.473793708,0.471555253,0.469137199,0.466574374,0.463861403,0.461046898,0.458111811,0.455068392,0.451958928,0.448767111,0.445516547,0.44225173,0.438963139,0.435670997,0.432431866,0.429216183,0.426040627,0.422977346,0.419994767,0.417067242,0.414318421,0.411600666,0.40909138,0.406811296,0.404726426,0.40288647,0.401259583,0.399797873,0.398556449,0.397420048,0.396466083,0.395540872,0.394658955,0.393722859,0.392724714,0.39158406,0.390327011,0.388877784,0.387323906,0.385716671
-0.9,0.770817327,0.837099475,0.858034316,0.89433968,0.919446564,0.947239332,0.968945294,0.985313882,0.995491616,1,0.995483109,0.985870387,0.970336895,0.949621539,0.925697678,0.898368879,0.869286424,0.839052335,0.808168231,0.777994515,0.748084641,0.719786666,0.692958168,0.667960842,0.645081062,0.623994187,0.605176724,0.588201986,0.573141523,0.559741537,0.548002683,0.537674048,0.528750347,0.521011242,0.51445711,0.50891861,0.504424884,0.500821298,0.498051012,0.496034475,0.494811692,0.493981404,0.493932828,0.494072035,0.494728533,0.495542066,0.496562787,0.497630355,0.498669894,0.499669548,0.500462999,0.50108947,0.501385938,0.501393543,0.501074658,0.500384016,0.499466469,0.498164817,0.496687417,0.494951923,0.493007109,0.490944352,0.48869547,0.486305656,0.483774092,0.481123058,0.478367666,0.475508454,0.472534628,0.469495648,0.466368576,0.463181584,0.459969866,0.456727178,0.453470297,0.45026514,0.44706959,0.443909687,0.440864036,0.437885214,0.434962211,0.432203746,0.429461031,0.426911446,0.424561647,0.422378269,0.42042369,0.418659972,0.417062353,0.415684576,0.414412678,0.413336991,0.412297211,0.41131805,0.410309805,0.40924922,0.408083816,0.406811691,0.40538863,0.403864836,0.402312811
-1,0.732957562,0.801570404,0.822997989,0.86210594,0.889227696,0.921300928,0.947340923,0.969050332,0.985911196,0.995483109,1,0.995695281,0.986351192,0.971000035,0.951130607,0.927427801,0.901075683,0.872797208,0.843167029,0.813658116,0.783921549,0.755287807,0.727853487,0.701956679,0.678016916,0.655806821,0.635746652,0.617635136,0.601455961,0.586995506,0.574310517,0.563163076,0.553443004,0.545064707,0.537877112,0.53182329,0.526798409,0.522729389,0.519530812,0.517094725,0.515486898,0.514284616,0.513896559,0.513710683,0.514064277,0.514582625,0.515341253,0.516142447,0.516941859,0.517709759,0.518279468,0.518699965,0.518799351,0.51861199,0.518124924,0.517251592,0.516177009,0.51472376,0.513107584,0.511245958,0.509201854,0.507053931,0.504758234,0.502346281,0.499826929,0.497212239,0.494523571,0.491738928,0.488861297,0.485926013,0.482902697,0.479819954,0.476715775,0.473574307,0.47041388,0.467299283,0.464185558,0.461104034,0.45812386,0.455198245,0.452328471,0.44959797,0.446884924,0.444356364,0.44200679,0.43981523,0.437847557,0.436048383,0.434413976,0.432975483,0.431628665,0.430462495,0.429314672,0.428222046,0.427099061,0.425927785,0.424664571,0.423310699,0.421828459,0.420263058,0.418679409
-1.1,0.695358654,0.76537912,0.786852207,0.828055818,0.856722407,0.8918392,0.921729054,0.94755697,0.969841453,0.985870387,0.995695281,1,0.995904773,0.986725264,0.971981749,0.952478239,0.929686959,0.904084312,0.876476581,0.848268357,0.819248768,0.790867218,0.763208264,0.736810423,0.712008874,0.688889001,0.667749157,0.648478296,0.631196475,0.615642535,0.601894761,0.58976362,0.579124249,0.569887392,0.561911897,0.555124376,0.549448518,0.544787979,0.541036528,0.538128525,0.536074231,0.534481878,0.533714504,0.533209654,0.533245458,0.5334772,0.53396702,0.534530667,0.535091835,0.535644715,0.536013282,0.536236406,0.536156875,0.535797137,0.535142387,0.534111936,0.532892737,0.531299556,0.52956111,0.527594232,0.525456081,0.523246903,0.520908172,0.518489824,0.515986967,0.513409633,0.510769843,0.508044076,0.505224124,0.50234349,0.499369146,0.496339398,0.49327426,0.490178556,0.487052219,0.483972653,0.480897271,0.477841164,0.474885358,0.471979052,0.469118824,0.466374434,0.463646142,0.46107154,0.458648209,0.456361721,0.45427037,0.452328139,0.450555127,0.448966459,0.447483365,0.446186207,0.444933315,0.443757914,0.442585354,0.44139223,0.440143079,0.438828596,0.43741451,0.435928764,0.434432127
-1.2,0.659034249,0.729514656,0.750559836,0.793067302,0.822730908,0.860252045,0.892838555,0.922442982,0.949112386,0.970336895,0.986351192,0.995904773,1,0.995911748,0.986992512,0.972484947,0.953561442,0.931376304,0.906402364,0.880078878,0.852324226,0.82463418,0.797137232,0.770550069,0.745185981,0.721269787,0.699180046,0.678864671,0.660505198,0.643873047,0.629134694,0.616069014,0.604586148,0.594604194,0.585975356,0.578620607,0.572398961,0.567291205,0.563104689,0.559786337,0.55733546,0.555388,0.55425113,0.553401655,0.553089162,0.55299782,0.553163061,0.553394962,0.553662742,0.553901212,0.553985084,0.553931319,0.553574691,0.552969792,0.552069384,0.550834597,0.549424206,0.547672771,0.54579822,0.543723706,0.541493685,0.539234104,0.536852609,0.534440528,0.531959195,0.529436413,0.526878266,0.524243759,0.521542398,0.518776581,0.515927481,0.513015645,0.510064226,0.507066237,0.504035406,0.501028627,0.498013895,0.495014546,0.492097977,0.489222168,0.486383993,0.483661912,0.480946597,0.478374457,0.475944881,0.473631274,0.471501629,0.469503108,0.467664282,0.465994256,0.464420927,0.463028651,0.461682647,0.460417803,0.45917952,0.457929189,0.456653965,0.455324896,0.453927866,0.452470373,0.451006424
-1.3,0.623504451,0.693801882,0.714168083,0.75744713,0.787392726,0.826636171,0.861333374,0.893698291,0.924250332,0.949621539,0.971000035,0.986725264,0.995911748,1,0.996232571,0.987547667,0.973657916,0.955482021,0.933798838,0.910025791,0.884100822,0.857550101,0.830648691,0.804141706,0.778455816,0.75398287,0.73102273,0.709729477,0.690345259,0.672619658,0.65679873,0.642738485,0.630283529,0.619410729,0.609952077,0.601825566,0.594921069,0.589147301,0.584375216,0.58051991,0.577576602,0.575170457,0.573636449,0.572414605,0.571763411,0.571360181,0.57124502,0.571227505,0.571249322,0.571276112,0.571155189,0.570911822,0.570384754,0.569608724,0.568559312,0.567162843,0.565605631,0.563715955,0.561702603,0.559509649,0.557179092,0.554841075,0.552412147,0.549986512,0.547516227,0.545034621,0.542530177,0.539965096,0.537337509,0.534643646,0.531871066,0.529036303,0.526159768,0.523238416,0.52027476,0.517334896,0.514381834,0.511433622,0.508569755,0.505717301,0.502908732,0.500191035,0.497467081,0.494877673,0.492403074,0.490029511,0.487829995,0.485748101,0.483823327,0.482068723,0.480415132,0.478946725,0.477540965,0.476234133,0.474974559,0.473717407,0.472449765,0.471140394,0.469769474,0.468332201,0.466881692
-1.4,0.590323846,0.6597715,0.679127687,0.722598979,0.752584166,0.792744634,0.828802178,0.863244497,0.896599576,0.925697678,0.951130607,0.971981749,0.986992512,0.996232571,1,0.996273179,0.987877327,0.974439171,0.956593175,0.936014891,0.912630974,0.887890353,0.862169074,0.836374174,0.810827261,0.786162669,0.762702869,0.740633571,0.720333857,0.701624127,0.684767894,0.66968823,0.656248876,0.644462673,0.634174739,0.625282414,0.617701732,0.611335933,0.606022495,0.601684138,0.598320882,0.595519452,0.5935995,0.592035326,0.591036618,0.590307629,0.58985256,0.589512657,0.589215943,0.588918889,0.588496358,0.587949356,0.587124827,0.586084913,0.584754856,0.583132246,0.581338524,0.579249308,0.577055977,0.574701681,0.572227834,0.569785286,0.567266797,0.564796061,0.56230983,0.559840259,0.557377898,0.554869001,0.552324424,0.549717751,0.547039625,0.544297858,0.541507856,0.538664263,0.535779334,0.532899515,0.530003333,0.527109134,0.524277303,0.521458667,0.518670213,0.515961927,0.513244318,0.510642524,0.508140068,0.505722768,0.503453519,0.501287913,0.499268509,0.497407732,0.495646223,0.494078601,0.49258564,0.491214254,0.489922078,0.488652652,0.487400693,0.486124132,0.484798602,0.483410214,0.481999776
-1.5,0.558739355,0.626904552,0.645067192,0.688242512,0.717808937,0.75839331,0.79516912,0.83104593,0.866526078,0.898368879,0.927427801,0.952478239,0.972484947,0.987547667,0.996273179,1,0.996480654,0.988436165,0.975370451,0.958531569,0.938286344,0.915976197,0.891952207,0.86721716,0.842220309,0.81761409,0.793856582,0.77122133,0.750152484,0.730529445,0.712719293,0.696658855,0.682267882,0.669568748,0.658435151,0.648772629,0.640443761,0.633414851,0.627466496,0.622553908,0.618601682,0.615307517,0.612880067,0.610858113,0.609419869,0.60827902,0.607451131,0.606747577,0.606117862,0.605505066,0.604786634,0.603959681,0.602871026,0.601578184,0.600012569,0.59816108,0.59616693,0.593889702,0.591525629,0.589025312,0.586431524,0.583890185,0.581304696,0.578806869,0.576315506,0.57387561,0.571471257,0.569028296,0.566568802,0.564052242,0.561461475,0.558827462,0.556125651,0.553381226,0.550575774,0.547762011,0.544925109,0.542065563,0.539255924,0.536442861,0.533646606,0.530911026,0.528160784,0.525513705,0.52296679,0.520493224,0.518170626,0.515959363,0.51389456,0.511994561,0.510211761,0.508614169,0.507113552,0.50573871,0.504447484,0.503191189,0.501948748,0.500684765,0.499366053,0.497982069,0.496557043
-1.6,0.529523906,0.596040607,0.612889532,0.655443882,0.684318022,0.724792536,0.761889078,0.798493733,0.835405469,0.869286424,0.901075683,0.929686959,0.953561442,0.973657916,0.987877327,0.996480654,1,0.996640985,0.988726659,0.976330259,0.959711498,0.94037076,0.918709519,0.895621348,0.871666134,0.847653834,0.823960289,0.801044149,0.779426941,0.7590584,0.740318746,0.723313211,0.70792341,0.694257171,0.682174557,0.671634467,0.66250283,0.654733164,0.648118158,0.642616696,0.638146775,0.634359859,0.63152157,0.629105234,0.62732656,0.625845096,0.624708615,0.623718649,0.622784876,0.621900356,0.620905843,0.619806472,0.618462273,0.616909281,0.615097759,0.613006166,0.610764402,0.608270337,0.605673049,0.602973555,0.600186353,0.597487183,0.594769049,0.592173317,0.589619742,0.587159888,0.584753394,0.582343158,0.579942942,0.577493518,0.574985109,0.57243828,0.569820243,0.567153822,0.564435369,0.561687989,0.558921981,0.556128101,0.553365816,0.55059685,0.547828375,0.5451138,0.542370264,0.539720484,0.537159147,0.534658805,0.532303612,0.530047168,0.527927306,0.525974401,0.52413618,0.522487937,0.520950946,0.519545844,0.518244598,0.516976851,0.5157307,0.514459392,0.51312604,0.511713075,0.510238434
-1.7,0.50282937,0.567462714,0.582900019,0.624473851,0.652473256,0.692421663,0.729273209,0.766111081,0.803772293,0.839052335,0.872797208,0.904084312,0.931376304,0.955482021,0.974439171,0.988436165,0.996640985,1,0.996752098,0.989245224,0.977103712,0.961278626,0.942539929,0.921738155,0.89937617,0.876375541,0.853180807,0.830332758,0.808432614,0.787504897,0.76804423,0.7501799,0.733865031,0.719255638,0.706274492,0.694844965,0.684895825,0.67636016,0.669052996,0.662885686,0.657814048,0.653489265,0.650100683,0.647207872,0.644946043,0.64303584,0.64146546,0.640067247,0.638756419,0.637494371,0.636154879,0.634720677,0.633056843,0.631214293,0.629117541,0.626772251,0.624292916,0.621579146,0.618787021,0.615905183,0.612964891,0.610129411,0.607308824,0.604644416,0.60205341,0.599583559,0.597202091,0.594817125,0.592469524,0.590068033,0.587622779,0.585148906,0.582598132,0.579999303,0.577349931,0.574649684,0.571931596,0.569166677,0.566427576,0.563660239,0.560891439,0.558162523,0.555394835,0.552722159,0.550137365,0.547608829,0.545229779,0.542946295,0.540797467,0.538820403,0.536956127,0.535283202,0.533726889,0.532304588,0.530993946,0.529718101,0.528465115,0.52718334,0.525832154,0.524387308,0.522863008
-1.8,0.47815449,0.540741537,0.554749375,0.595152013,0.622118934,0.661217754,0.697551755,0.734153687,0.772125335,0.808168231,0.843167029,0.876476581,0.906402364,0.933798838,0.956593175,0.975370451,0.988726659,0.996752098,1,0.996968001,0.989642956,0.978046117,0.962702976,0.944665247,0.924475997,0.902979013,0.880747821,0.858372047,0.836511603,0.815295343,0.795275834,0.776677241,0.759507802,0.743981695,0.730045233,0.717708768,0.706848554,0.697478044,0.689370753,0.682503335,0.676742122,0.671824171,0.667878856,0.664487116,0.661763453,0.659418478,0.657469991,0.655700317,0.654041211,0.652463966,0.65080738,0.649078829,0.647122589,0.644993536,0.642614566,0.639990714,0.637234593,0.63425468,0.631197656,0.628065423,0.62488339,0.621825072,0.618808379,0.61597718,0.613257508,0.610696619,0.608264016,0.605860777,0.603537016,0.601181235,0.598795432,0.596403217,0.59392948,0.591427681,0.58886434,0.586252007,0.583608416,0.580913586,0.578220889,0.575488253,0.572743024,0.570019029,0.56724567,0.564558375,0.561961092,0.559410135,0.557012987,0.554714273,0.552545739,0.550555297,0.54868102,0.546997657,0.545438571,0.544004678,0.54268462,0.541388804,0.540107269,0.538782422,0.537371598,0.535854919,0.534236727
-1.9,0.456361114,0.516856557,0.529487719,0.568557115,0.594443314,0.632413187,0.667964263,0.70397231,0.741669057,0.777994515,0.813658116,0.848268357,0.880078878,0.910025791,0.936014891,0.958531569,0.976330259,0.989245224,0.996968001,1,0.99704125,0.990003206,0.97879966,0.964055621,0.946609513,0.927254215,0.906504548,0.885077974,0.863645792,0.842508089,0.822191479,0.803060213,0.785181638,0.768824581,0.754006615,0.740753201,0.728994521,0.718768436,0.709840342,0.702218336,0.695766291,0.690195698,0.685667806,0.681733833,0.678518106,0.675708468,0.673319137,0.671151174,0.669091858,0.667140345,0.665130566,0.663054601,0.66077598,0.658335422,0.655664459,0.652758393,0.649737254,0.646510723,0.643207267,0.639854431,0.63647124,0.633226949,0.630060832,0.627101252,0.624288996,0.621671489,0.619200512,0.616783681,0.614457428,0.612115001,0.609751399,0.607393423,0.604950455,0.602478855,0.599946796,0.59735729,0.594739168,0.592064562,0.589384689,0.586665111,0.583920572,0.581199508,0.578414257,0.575717592,0.573113162,0.570554558,0.568149151,0.565845293,0.563660985,0.561657236,0.559764687,0.558058593,0.55647521,0.555014084,0.553663308,0.552329963,0.551003473,0.549621709,0.548144939,0.546552155,0.544838971
-2,0.436313832,0.494669852,0.505995167,0.543660075,0.568355712,0.605074151,0.639624244,0.67474853,0.71194598,0.748084641,0.783921549,0.819248768,0.852324226,0.884100822,0.912630974,0.938286344,0.959711498,0.977103712,0.989642956,0.99704125,1,0.997201025,0.99038475,0.979588903,0.965281905,0.94850089,0.929749344,0.909712599,0.889142398,0.868372798,0.848080528,0.828633068,0.810213281,0.793117875,0.77748287,0.763343705,0.750674573,0.739555296,0.72976679,0.721327214,0.71410457,0.70784693,0.702650035,0.698124757,0.694346802,0.691037566,0.688181574,0.685575892,0.683124073,0.680801584,0.678442328,0.676042316,0.67344389,0.67071317,0.667736531,0.664561818,0.661247922,0.657758002,0.654176661,0.650563365,0.646916453,0.643431361,0.640035362,0.636878018,0.633892156,0.631137972,0.628561781,0.626076979,0.623719623,0.621356831,0.619013941,0.616682511,0.614284194,0.611869359,0.609394421,0.606851131,0.604285145,0.60164457,0.598999221,0.59628599,0.59355332,0.590824707,0.588024454,0.585318352,0.582699983,0.580137263,0.577725889,0.575422224,0.573232962,0.571233811,0.569337531,0.567630236,0.56604053,0.564566088,0.563193816,0.561835222,0.560466235,0.55903521,0.557489935,0.555817288,0.554009202
-2.1,0.418811083,0.475077024,0.485200566,0.521432734,0.544929199,0.580331464,0.613707222,0.647805032,0.684127524,0.719786666,0.755287807,0.790867218,0.82463418,0.857550101,0.887890353,0.915976197,0.94037076,0.961278626,0.978046117,0.990003206,0.997201025,1,0.997330846,0.990785303,0.980342709,0.966660321,0.950435111,0.932362293,0.913155406,0.893272509,0.873342046,0.853938171,0.835212992,0.817602694,0.801247096,0.786298474,0.77275327,0.760739138,0.750052321,0.740780525,0.73272866,0.725723653,0.719817945,0.714655022,0.710273182,0.706421817,0.703055321,0.699988863,0.697085992,0.694368083,0.691617629,0.688855666,0.685919144,0.682854771,0.679574985,0.676086166,0.672495404,0.668713744,0.664867714,0.660986096,0.657091706,0.653362437,0.649751837,0.646392303,0.643246135,0.640347948,0.637668335,0.635096429,0.632690122,0.63029963,0.627944805,0.625628952,0.623250191,0.620871409,0.618449247,0.61596486,0.613456348,0.610875574,0.608279611,0.605614698,0.602921919,0.600224202,0.597445507,0.594747558,0.592139014,0.589571867,0.587156895,0.584838357,0.582624241,0.580594002,0.578656,0.57689586,0.57524834,0.573699473,0.572250703,0.570798508,0.569332766,0.567790791,0.566132951,0.564342519,0.562408874
-2.2,0.403381869,0.457606026,0.46668069,0.501502673,0.523766456,0.557812601,0.589940197,0.622862,0.65811037,0.692958168,0.727853487,0.763208264,0.797137232,0.830648691,0.862169074,0.891952207,0.918709519,0.942539929,0.962702976,0.97879966,0.99038475,0.997330846,1,0.997430519,0.991084473,0.981058351,0.96779752,0.952158536,0.934813139,0.916243382,0.897125347,0.878021799,0.859301016,0.841364525,0.82447785,0.808817348,0.794464523,0.781590585,0.770016043,0.759863024,0.750972324,0.743160531,0.736513473,0.730652492,0.725652036,0.721213305,0.717322091,0.713766448,0.71042268,0.707284816,0.704161049,0.70103847,0.697774853,0.694398525,0.690827615,0.687066551,0.683200742,0.67917004,0.675056616,0.670924123,0.666779076,0.662800711,0.658962123,0.655387794,0.652041318,0.648982025,0.646146305,0.643465769,0.640952275,0.638494428,0.636085774,0.633733021,0.631334899,0.628944688,0.626513461,0.624030096,0.621521582,0.618941472,0.616340214,0.613667352,0.610958985,0.608247773,0.605446976,0.602730339,0.600116227,0.597544054,0.595130944,0.592823677,0.590613964,0.588587122,0.586656041,0.584889114,0.583234573,0.58166644,0.58019292,0.578705419,0.577193238,0.575598472,0.573876411,0.572019004,0.570008862
-2.3,0.389684775,0.441966361,0.450126382,0.483611887,0.504667802,0.537413795,0.568226915,0.599952471,0.633993421,0.667960842,0.701956679,0.736810423,0.770550069,0.804141706,0.836374174,0.86721716,0.895621348,0.921738155,0.944665247,0.964055621,0.979588903,0.990785303,0.997430519,1,0.997532438,0.991438495,0.98172699,0.968971899,0.953914178,0.937137404,0.919281371,0.900960357,0.882562505,0.864622667,0.847422025,0.831242117,0.816175567,0.802503322,0.79007144,0.779042726,0.769274032,0.76063931,0.75318556,0.746592644,0.740888471,0.735829264,0.731342562,0.727263491,0.72342221,0.719845512,0.716302076,0.712801545,0.709181654,0.705476308,0.701592621,0.697532281,0.693391234,0.689074307,0.684702889,0.680298911,0.675901682,0.671667271,0.667589588,0.663787085,0.660234168,0.656981384,0.653983436,0.65115537,0.648539882,0.645978125,0.643516188,0.641116441,0.638704104,0.636313325,0.633897027,0.631433271,0.628960022,0.626418761,0.623864716,0.62123292,0.618575071,0.615896642,0.613128763,0.610428838,0.607828029,0.605261801,0.602841764,0.600522306,0.5982853,0.596226801,0.594246738,0.592431128,0.590713076,0.589074921,0.587519033,0.585949289,0.584344478,0.582654277,0.580831792,0.578877636,0.576764704
-2.4,0.3781022,0.428561004,0.435951145,0.468149566,0.487993303,0.519525586,0.548978204,0.57951954,0.612228739,0.645081062,0.678016916,0.712008874,0.745185981,0.778455816,0.810827261,0.842220309,0.871666134,0.89937617,0.924475997,0.946609513,0.965281905,0.980342709,0.991084473,0.997532438,1,0.997651517,0.991775024,0.982450833,0.970219712,0.955713045,0.939600363,0.92250152,0.904863185,0.887202518,0.86998675,0.853486948,0.837888146,0.823531231,0.810290222,0.798413507,0.787755126,0.778249461,0.769937184,0.762543797,0.75608425,0.75032266,0.745202476,0.740530933,0.736160199,0.732094669,0.728119489,0.72421234,0.720235547,0.716195657,0.712009838,0.707666977,0.703257523,0.698694061,0.694068655,0.68943269,0.684795296,0.680328442,0.676028949,0.672006457,0.668260651,0.664824574,0.661662713,0.658695174,0.655955118,0.653301534,0.65075606,0.648303892,0.645843056,0.643431882,0.641002935,0.638543317,0.636077027,0.63354644,0.631010558,0.628387,0.625736484,0.623063955,0.620289808,0.617586932,0.614979333,0.612400396,0.609968405,0.607631401,0.605368753,0.603274669,0.601255555,0.599384324,0.597608299,0.595895903,0.5942636,0.592609046,0.590913988,0.589133982,0.587222501,0.585182573,0.582984324
-2.5,0.367672828,0.416404641,0.423186085,0.45421886,0.472910019,0.503315502,0.5314436,0.560818742,0.592264419,0.623994187,0.655806821,0.688889001,0.721269787,0.75398287,0.786162669,0.81761409,0.847653834,0.876375541,0.902979013,0.927254215,0.94850089,0.966660321,0.981058351,0.991438495,0.997651517,1,0.997725231,0.992043665,0.983058013,0.971251542,0.957266949,0.941791501,0.925303221,0.908344608,0.891382649,0.874841456,0.85892389,0.844021568,0.830105239,0.817448764,0.805953991,0.795606965,0.786454885,0.778253882,0.771025553,0.764555549,0.758758028,0.753485321,0.748550798,0.743976732,0.739534508,0.73520443,0.73084562,0.726458391,0.721956765,0.717328978,0.712651512,0.707840359,0.70297581,0.698102679,0.693235085,0.688537751,0.684008765,0.679770475,0.675808034,0.672181432,0.668824981,0.665696871,0.662789379,0.660008198,0.657342189,0.654792391,0.652259485,0.649789582,0.647322667,0.64485376,0.642380723,0.639862912,0.637342428,0.634740765,0.632120448,0.629474706,0.626729835,0.624045116,0.621461605,0.618893622,0.616469838,0.614133179,0.611854082,0.609736636,0.607678887,0.605757807,0.603924904,0.602145792,0.600442599,0.598711317,0.596938477,0.595076762,0.593087297,0.590969277,0.588696096
-2.6,0.358989573,0.406127647,0.412412263,0.442348225,0.459960273,0.489327183,0.516165538,0.544426353,0.574561029,0.605176724,0.635746652,0.667749157,0.699180046,0.73102273,0.762702869,0.793856582,0.823960289,0.853180807,0.880747821,0.906504548,0.929749344,0.950435111,0.96779752,0.98172699,0.991775024,0.997725231,1,0.99782627,0.992376718,0.983735544,0.972401327,0.958997326,0.944126682,0.928290833,0.912007271,0.89572784,0.87977652,0.864556375,0.850092555,0.836767145,0.824472472,0.81328583,0.803262836,0.794206903,0.786140613,0.778890257,0.772357727,0.766408981,0.760859847,0.755726934,0.750785931,0.745998278,0.741238978,0.736485118,0.731659573,0.726733277,0.721789393,0.716725689,0.711624468,0.706535053,0.701450794,0.696545287,0.691818481,0.687382952,0.683246536,0.679449982,0.67593937,0.672669219,0.669645475,0.666746237,0.664001566,0.661369041,0.658778043,0.656261505,0.653754406,0.651258648,0.648769067,0.646241948,0.643721423,0.641116913,0.638503116,0.635858021,0.633119809,0.630433416,0.627846977,0.625270862,0.622835441,0.620476854,0.618171078,0.616017043,0.61391601,0.611945213,0.610053411,0.608204683,0.606427268,0.604615086,0.602759433,0.600813788,0.598742909,0.59655093,0.594203109
-2.7,0.351470185,0.397148107,0.403035843,0.431947688,0.448551487,0.477026421,0.50259795,0.529863716,0.558757176,0.588201986,0.617635136,0.648478296,0.678864671,0.709729477,0.740633571,0.77122133,0.801044149,0.830332758,0.858372047,0.885077974,0.909712599,0.932362293,0.952158536,0.968971899,0.982450833,0.992043665,0.99782627,1,0.997904695,0.992667223,0.984358096,0.973485302,0.960612079,0.946315707,0.931112868,0.915473062,0.899752385,0.884485738,0.869710176,0.855852118,0.842914173,0.830965077,0.820128417,0.810240692,0.801350442,0.793294318,0.786003943,0.779342937,0.77313814,0.767403233,0.761917424,0.756639046,0.751440352,0.74629965,0.741125464,0.735894452,0.73067545,0.725365753,0.720037288,0.714729427,0.709440242,0.704328478,0.699400483,0.694768334,0.690439408,0.686460589,0.682779356,0.679344479,0.676176414,0.67314329,0.670282973,0.6675561,0.664888588,0.662316911,0.659765356,0.657249907,0.654748716,0.652226647,0.649726123,0.647147823,0.644565529,0.641955886,0.639246897,0.636580918,0.634015586,0.631440577,0.629000125,0.626626553,0.62429027,0.622093287,0.619937859,0.617898508,0.615930771,0.613992895,0.61212382,0.610215721,0.608260404,0.606219419,0.604055972,0.601776399,0.599346401
-2.8,0.345009653,0.389313379,0.394916755,0.422917812,0.438597747,0.466217157,0.490647063,0.51699275,0.544771009,0.573141523,0.601455961,0.631196475,0.660505198,0.690345259,0.720333857,0.750152484,0.779426941,0.808432614,0.836511603,0.863645792,0.889142398,0.913155406,0.934813139,0.953914178,0.970219712,0.983058013,0.992376718,0.997904695,1,0.997986562,0.992957541,0.984978258,0.97453795,0.962155549,0.948439057,0.933831581,0.918724497,0.903689375,0.888865978,0.874692127,0.86122592,0.848642747,0.837048175,0.826372588,0.816659747,0.807808546,0.799730764,0.792338779,0.785447326,0.779083288,0.773022255,0.767227812,0.761569442,0.756014414,0.750486029,0.744932224,0.739437632,0.733874276,0.728320881,0.722805073,0.717321568,0.712018212,0.706911836,0.702096814,0.697600854,0.693456152,0.689620538,0.686046914,0.682736755,0.679590899,0.676617582,0.673798033,0.671053287,0.668415134,0.665821833,0.66327105,0.660755581,0.658221588,0.655726399,0.653160353,0.650589912,0.647999011,0.645307154,0.642660112,0.640102943,0.637540294,0.635096979,0.632716772,0.630357386,0.628128427,0.625928966,0.623832521,0.621803952,0.619792873,0.617851761,0.615864376,0.61383343,0.611716232,0.60948171,0.607136189,0.604641133
-2.9,0.339557916,0.382619127,0.387997435,0.415158982,0.430011413,0.456853983,0.480193596,0.505686759,0.532373762,0.559741537,0.586995506,0.615642535,0.643873047,0.672619658,0.701624127,0.730529445,0.7590584,0.787504897,0.815295343,0.842508089,0.868372798,0.893272509,0.916243382,0.937137404,0.955713045,0.971251542,0.983735544,0.992667223,0.997986562,1,0.998076914,0.993253114,0.985608868,0.975560571,0.963685045,0.950510195,0.936407598,0.92194094,0.907347088,0.893123691,0.879340426,0.86626083,0.854028641,0.842622313,0.832118063,0.822461763,0.813581984,0.805415456,0.797792553,0.790742376,0.78406602,0.777695898,0.771544922,0.765537857,0.759626089,0.753733887,0.747947099,0.74212947,0.736351666,0.730639584,0.724967098,0.719494512,0.714212694,0.709237113,0.704576382,0.700283499,0.696295871,0.692599759,0.689158607,0.685907052,0.682836914,0.679933519,0.677124,0.674430721,0.671799229,0.669234951,0.666703634,0.664180878,0.66170035,0.659152426,0.656609948,0.654048104,0.651388837,0.648762338,0.646226354,0.643668285,0.641222803,0.638826063,0.636441556,0.634171869,0.631918482,0.629758903,0.627655261,0.625561152,0.623529636,0.621443813,0.619314277,0.617095004,0.614764518,0.612327134,0.609747986
-3,0.335011556,0.376931638,0.382126834,0.408482689,0.422631908,0.448767394,0.471123903,0.49586051,0.52157811,0.548002683,0.574310517,0.601894761,0.629134694,0.65679873,0.684767894,0.712719293,0.740318746,0.76804423,0.795275834,0.822191479,0.848080528,0.873342046,0.897125347,0.919281371,0.939600363,0.957266949,0.972401327,0.984358096,0.992957541,0.998076914,1,0.998153555,0.993534427,0.986171064,0.976521075,0.965126108,0.952397277,0.938881904,0.924837306,0.910826974,0.89698548,0.883601035,0.870889678,0.858869088,0.847671704,0.837268116,0.82762761,0.818705629,0.810361739,0.80262775,0.7953146,0.78837186,0.781695251,0.775231159,0.76891349,0.762668329,0.756580999,0.75049645,0.744493576,0.738573971,0.73272108,0.727072183,0.721627343,0.716483557,0.711669317,0.707218673,0.703085777,0.699245411,0.695686539,0.692306155,0.689142419,0.686143086,0.683260473,0.680506524,0.677823549,0.675225267,0.672675995,0.670145075,0.667672783,0.665147989,0.662632027,0.660104832,0.657485091,0.654889922,0.65238191,0.649836337,0.647400036,0.644988817,0.642587456,0.640278896,0.637982039,0.635763387,0.633592117,0.631418642,0.629301399,0.627125126,0.624905669,0.622597824,0.620183602,0.617666531,0.615010728
-3.1,0.331179155,0.372051679,0.37711421,0.40275186,0.416297596,0.441737686,0.463217803,0.487268806,0.512114841,0.537674048,0.563163076,0.58976362,0.616069014,0.642738485,0.66968823,0.696658855,0.723313211,0.7501799,0.776677241,0.803060213,0.828633068,0.853938171,0.878021799,0.900960357,0.92250152,0.941791501,0.958997326,0.973485302,0.984978258,0.993253114,0.998153555,1,0.99824268,0.993807523,0.986748624,0.977492173,0.966506616,0.954329279,0.941233857,0.927768813,0.914164758,0.90074099,0.887739602,0.875278966,0.863480265,0.852413265,0.842039376,0.832373917,0.823292442,0.81484349,0.806863639,0.799291187,0.792064121,0.785085879,0.778335896,0.771704302,0.76529047,0.75892547,0.752683827,0.746562925,0.740526694,0.734720822,0.729117883,0.723827228,0.718867977,0.714271327,0.710004721,0.706026581,0.702345776,0.698855532,0.695583198,0.692500472,0.689541062,0.686732706,0.684009596,0.681386333,0.678823563,0.676298353,0.673840223,0.671344484,0.668863237,0.666379425,0.66380182,0.661247462,0.658765606,0.656246326,0.653814428,0.651402073,0.648983045,0.646647259,0.644305313,0.642034075,0.639793489,0.637544965,0.635341791,0.633075595,0.630763868,0.628360638,0.625860387,0.623255075,0.62052059
-3.2,0.328139924,0.368070999,0.373036695,0.397997392,0.411016352,0.435827998,0.456516454,0.479919669,0.503946326,0.528750347,0.553443004,0.579124249,0.604586148,0.630283529,0.656248876,0.682267882,0.70792341,0.733865031,0.759507802,0.785181638,0.810213281,0.835212992,0.859301016,0.882562505,0.904863185,0.925303221,0.944126682,0.960612079,0.97453795,0.985608868,0.993534427,0.99824268,1,0.998313563,0.994059804,0.987275132,0.978340711,0.967824969,0.956002414,0.943425539,0.930335994,0.917137743,0.904078253,0.891347785,0.87911828,0.867483392,0.856478079,0.846124896,0.836345453,0.827208504,0.818560556,0.810375228,0.802567022,0.795087908,0.787877729,0.780860655,0.774108281,0.767462487,0.760982587,0.754659167,0.748451919,0.742483714,0.736738422,0.731302712,0.726207262,0.721477234,0.71707152,0.712984273,0.7091741,0.705592052,0.702225117,0.699059253,0.696034297,0.693163992,0.690401165,0.687747523,0.685172604,0.682635526,0.680191571,0.677710764,0.675252778,0.672800406,0.670255266,0.667732856,0.665275309,0.662775459,0.660352397,0.65793851,0.65551005,0.653150033,0.650774811,0.648451851,0.646156083,0.643832856,0.641556438,0.63920083,0.636801061,0.634304318,0.631708423,0.629013812,0.626190242
