,s1,0.167hr,0.333hr,0.500hr,0.667hr,0.833hr,1.000hr,1.167hr,1.333hr,1.500hr,1.667hr,1.833hr,2.000hr,2.167hr,2.333hr,2.500hr,2.667hr,2.833hr,3.000hr,3.167hr,3.333hr,3.500hr,3.667hr,3.833hr,4.000hr,4.167hr,4.333hr,4.500hr,4.667hr,4.833hr,5.000hr,5.167hr,5.333hr,5.500hr,5.667hr,5.833hr,6.000hr,6.167hr,6.333hr,6.500hr,6.667hr,6.833hr,7.000hr,7.167hr,7.333hr,7.500hr,7.667hr,7.833hr,8.000hr,8.167hr,8.333hr,8.500hr,8.667hr,8.833hr,9.000hr,9.167hr,9.333hr,9.500hr,9.667hr,9.833hr,10.000hr,10.167hr,10.333hr,10.500hr,10.667hr,10.833hr,11.000hr,11.167hr,11.333hr,11.500hr,11.667hr,11.833hr,12.000hr,12.167hr,12.333hr,12.500hr,12.667hr,12.833hr,13.000hr,13.167hr,13.333hr,13.500hr,13.667hr,13.833hr,14.000hr,14.167hr,14.333hr,14.500hr,14.667hr,14.833hr,15.000hr,15.167hr,15.333hr,15.500hr,15.667hr,15.833hr,16.000hr,16.167hr,16.333hr,16.500hr,16.667hr,16.833hr,17.000hr,17.167hr,17.333hr,17.500hr,17.667hr,17.833hr,18.000hr,18.167hr,18.333hr,18.500hr,18.667hr,18.833hr,19.000hr,19.167hr,19.333hr,19.500hr,19.667hr,19.833hr,20.000hr,20.167hr,20.333hr,20.500hr,20.667hr,20.833hr,21.000hr,21.167hr,21.333hr,21.500hr,21.667hr,21.833hr,22.000hr,22.167hr,22.333hr,22.500hr,22.667hr,22.833hr,23.000hr,23.167hr,23.333hr,23.500hr,23.667hr,23.833hr,24.000hr
s1,1,0.992407753,0.976121006,0.955771754,0.932755254,0.905941091,0.873357732,0.840668825,0.814954054,0.795589936,0.781093322,0.769799583,0.76018882,0.75011002,0.739221585,0.728043887,0.716589239,0.705048936,0.693119565,0.681408221,0.670206077,0.659650706,0.649679298,0.639903312,0.630358802,0.620820283,0.611917913,0.603441069,0.595408754,0.587591804,0.580080395,0.57270362,0.565531285,0.558639162,0.552021139,0.545712763,0.53934548,0.533387976,0.527807814,0.522455093,0.517366276,0.512534206,0.507937462,0.503558777,0.499570195,0.495508975,0.492278457,0.489103162,0.486233287,0.4835684,0.481288806,0.47896247,0.477198442,0.475443154,0.474074758,0.472418781,0.471374349,0.470285774,0.469040291,0.467960394,0.467103255,0.466470458,0.465731857,0.464970802,0.464235021,0.463725562,0.463122799,0.462807426,0.462485929,0.461966783,0.46150939,0.461011704,0.460205647,0.459342124,0.45797899,0.456922254,0.455557469,0.454261488,0.453331243,0.452170769,0.450955228,0.449649772,0.448824339,0.447931945,0.447380443,0.446840303,0.446049882,0.445158474,0.444196363,0.44339454,0.442964857,0.442617906,0.442148294,0.44170558,0.441159037,0.440495858,0.439602027,0.43856719,0.436986022,0.435697506,0.434016427,0.432327025,0.430432294,0.428669422,0.426781112,0.424947324,0.422989092,0.421034911,0.418879298,0.416439665,0.413796736,0.411747881,0.409692881,0.407880407,0.40542538,0.40284941,0.400452137,0.397764854,0.39523887,0.392940534,0.390805158,0.388915956,0.387608914,0.386721292,0.38589835,0.384652614,0.383654348,0.383278152,0.382633396,0.382262654,0.381057349,0.379819997,0.377787312,0.377606375,0.377772658,0.377232463,0.375805335,0.374676396,0.373853467,0.372400514,0.370956118,0.369766937,0.369458777,0.368527655,0.367526142
0.167hr,0.992407753,1,0.994363943,0.980487557,0.960473655,0.93418255,0.900854678,0.867530164,0.841530363,0.821807226,0.806885184,0.795078159,0.784952232,0.774482952,0.763304339,0.75188381,0.740250385,0.728566047,0.716546957,0.70475545,0.693433888,0.682710543,0.672523123,0.662517196,0.65269729,0.64288641,0.633695302,0.624915177,0.616569105,0.608473285,0.600679928,0.593024228,0.585641083,0.578534262,0.571753657,0.565313651,0.558852365,0.552800091,0.547127431,0.541705006,0.536551029,0.531652204,0.526990275,0.522546783,0.51849086,0.514342196,0.511033209,0.507785897,0.504835011,0.502095457,0.499740383,0.497318916,0.495468029,0.493631931,0.492184008,0.490435631,0.489312228,0.488153357,0.48681814,0.485656967,0.484728389,0.484015979,0.483199942,0.482372358,0.481568092,0.481018024,0.480351482,0.479909673,0.479461946,0.478855722,0.4783143,0.477718015,0.476789814,0.475866012,0.474442798,0.473332604,0.4719201,0.470576338,0.469588425,0.468383465,0.467108131,0.465748347,0.464886856,0.46393038,0.46334949,0.462758879,0.461926332,0.461009596,0.460038694,0.459202883,0.458793009,0.458467867,0.458061839,0.457673956,0.457150925,0.456516436,0.455645044,0.454639114,0.453092759,0.451823799,0.45014009,0.448435045,0.446523427,0.444750722,0.442847903,0.440989114,0.43902641,0.437077292,0.43492623,0.432486967,0.429815072,0.427730316,0.425619533,0.423806416,0.421298477,0.418683047,0.416239021,0.413540852,0.410976169,0.40864943,0.406524383,0.404581317,0.403287501,0.402453468,0.401663757,0.400436421,0.399493456,0.399157788,0.398563427,0.398254096,0.397116559,0.395930381,0.393785548,0.393559411,0.393622362,0.393017608,0.391543128,0.390378026,0.389477545,0.387967343,0.38647395,0.385265587,0.384956341,0.384058737,0.383104458
0.333hr,0.976121006,0.994363943,1,0.995176137,0.981472356,0.959027486,0.927794709,0.895703358,0.870523941,0.851223496,0.836338883,0.824247021,0.813610882,0.802659999,0.791126257,0.779405543,0.767534317,0.755627246,0.743429521,0.73148113,0.71997449,0.709017102,0.698535814,0.688202752,0.678020709,0.667849699,0.658284163,0.649123742,0.640387597,0.631924264,0.623764178,0.61576986,0.608097157,0.600731903,0.593708979,0.587073601,0.580453536,0.574260339,0.568459092,0.562935898,0.557690996,0.55270932,0.547971532,0.543458976,0.539336036,0.535128168,0.531736653,0.52841569,0.525382651,0.522569248,0.520123779,0.517612234,0.515664703,0.513737756,0.512179741,0.510335162,0.509104686,0.507847705,0.50639533,0.505127443,0.504099542,0.503284355,0.502369285,0.501458839,0.500559637,0.499907461,0.499125425,0.498543231,0.497957577,0.497244104,0.496591577,0.495863334,0.494837455,0.493815102,0.492315056,0.491131895,0.489658481,0.488258511,0.487208433,0.48595438,0.48462506,0.483213853,0.482309718,0.481259473,0.480621243,0.479960255,0.479063542,0.478092751,0.477082272,0.47619726,0.47578507,0.475446194,0.475040983,0.474651026,0.474112332,0.473471837,0.472595788,0.471580271,0.470035322,0.468754078,0.467038824,0.465296112,0.46334013,0.461536231,0.459606717,0.457712204,0.455725374,0.453766541,0.451610761,0.449154194,0.446452148,0.444327556,0.442172896,0.440363375,0.437840094,0.435205658,0.432743956,0.430061321,0.427488717,0.425175725,0.423096477,0.421145532,0.419904992,0.419170429,0.418453114,0.417242423,0.416363804,0.416074274,0.41557741,0.415322824,0.414252682,0.413083172,0.410968578,0.41077064,0.410802417,0.410214227,0.408744562,0.407563967,0.406646067,0.405112102,0.403606739,0.402402618,0.402081881,0.401215108,0.400305635
0.500hr,0.955771754,0.980487557,0.995176137,1,0.99500779,0.97959084,0.953631789,0.924955892,0.901812515,0.883715748,0.869411175,0.857398519,0.846416508,0.835003161,0.823101075,0.811053426,0.79889757,0.786698683,0.774232034,0.762023807,0.750256911,0.738994947,0.728149538,0.71741796,0.706802372,0.696205455,0.686217633,0.676635586,0.667472255,0.658596572,0.650028787,0.641646553,0.633625181,0.625935285,0.618606689,0.611709276,0.604869204,0.598474462,0.592491737,0.586817651,0.581440968,0.576341784,0.571498101,0.566891588,0.56268031,0.55839344,0.554901094,0.551490596,0.548362238,0.545460342,0.542909864,0.540289811,0.53823028,0.536198516,0.534512643,0.532557161,0.531200367,0.529825265,0.52823496,0.526842011,0.525690668,0.524746249,0.523712366,0.52269493,0.521681924,0.520906566,0.519991988,0.519254972,0.518522196,0.517681392,0.516894462,0.516013776,0.514872694,0.513728808,0.512133783,0.510856645,0.50930644,0.507825958,0.506694864,0.505375803,0.503980775,0.502491117,0.501515803,0.500337377,0.499609692,0.498838381,0.497831616,0.496761612,0.495661238,0.494693416,0.494243632,0.49385373,0.493408023,0.492969013,0.492373738,0.491685738,0.490762757,0.489695352,0.488109865,0.486775019,0.484990666,0.48317732,0.48114775,0.479274165,0.477286653,0.47532418,0.473280577,0.471281556,0.469093953,0.466594795,0.463845951,0.461652273,0.459435205,0.457613806,0.455080813,0.452428245,0.449947695,0.44727121,0.444685053,0.442387236,0.44033749,0.438370733,0.437154474,0.436497909,0.435827866,0.434631291,0.433776886,0.433504593,0.433089186,0.432852664,0.431806176,0.430606062,0.428512076,0.428346386,0.428367522,0.427814929,0.426356381,0.42515745,0.424230786,0.422695983,0.421192329,0.419987339,0.419653726,0.418803775,0.41793705
0.667hr,0.932755254,0.960473655,0.981472356,0.99500779,1,0.994330379,0.976821624,0.953885089,0.934054575,0.917941601,0.904756064,0.893212601,0.882108649,0.870304474,0.858043327,0.845659239,0.833193396,0.820664734,0.807871453,0.795322574,0.783228456,0.77160016,0.760342474,0.749170468,0.738084327,0.727034535,0.716613715,0.706609683,0.697023487,0.687735997,0.678759777,0.669981309,0.661590242,0.65354832,0.645884962,0.638689358,0.631595124,0.624963805,0.618764511,0.612908811,0.607375368,0.602138199,0.597171521,0.592457069,0.588146029,0.583772094,0.580173344,0.57666606,0.573441093,0.570446844,0.567788178,0.565056336,0.562881296,0.560740535,0.558921215,0.556852235,0.555361333,0.55386004,0.552128796,0.550608161,0.549322823,0.548238613,0.547080055,0.545945049,0.544810647,0.543904279,0.542852033,0.541953366,0.541070948,0.540092405,0.539156318,0.538114238,0.536845922,0.535569196,0.53386672,0.532480404,0.530840889,0.529260463,0.528034248,0.526639504,0.525170798,0.523584836,0.522516471,0.521190638,0.520349355,0.519440494,0.518289884,0.517088706,0.51586213,0.514787247,0.51426356,0.513791891,0.513275703,0.512749394,0.512060026,0.511284437,0.510275581,0.509117852,0.507448612,0.506021482,0.504137044,0.502224537,0.500093845,0.498120719,0.496047821,0.493987963,0.491858373,0.489788198,0.48753993,0.48496961,0.482153585,0.47985839,0.477554598,0.475695621,0.473146641,0.470471484,0.467962007,0.465272863,0.462664889,0.460376574,0.458330886,0.456338634,0.455105843,0.454488612,0.453838035,0.452646209,0.451765817,0.451464141,0.451113295,0.450856782,0.449776334,0.448488561,0.44642058,0.446255843,0.446275546,0.445746185,0.444286747,0.443057264,0.442098865,0.440550438,0.43904393,0.437822052,0.437464484,0.436606342,0.435765833
0.833hr,0.905941091,0.93418255,0.959027486,0.97959084,0.994330379,1,0.993671276,0.9788236,0.963674612,0.950344068,0.938779899,0.928043123,0.917011808,0.904890216,0.892291815,0.87958589,0.86682449,0.853982107,0.840865352,0.827949638,0.815492533,0.803462175,0.791771239,0.780147569,0.768588333,0.757094511,0.746257299,0.735861305,0.725890662,0.716230806,0.70688472,0.697745846,0.689009479,0.680632126,0.672645329,0.665156424,0.657809707,0.650938901,0.644520441,0.63848,0.632790102,0.627418956,0.622332703,0.617517417,0.613113918,0.608663088,0.604968043,0.60137558,0.598067322,0.59499307,0.592239164,0.589408171,0.58712842,0.58488714,0.582944267,0.580770557,0.579151317,0.57753055,0.575671087,0.574032424,0.572616892,0.571396285,0.570117904,0.568870051,0.567617834,0.566585201,0.565403403,0.564348036,0.563323833,0.562209843,0.56112471,0.55992807,0.55853261,0.55712608,0.555318294,0.553824366,0.552097399,0.550410872,0.549086423,0.54761474,0.546075935,0.544388787,0.543218246,0.541743079,0.540781291,0.539723525,0.53841506,0.537068208,0.535699153,0.534507334,0.533888465,0.533314655,0.532709563,0.532073921,0.531268072,0.530383377,0.529263114,0.527994282,0.526219068,0.524680402,0.522687325,0.520669567,0.518433652,0.51635537,0.514192458,0.512028711,0.509805969,0.507649897,0.505329693,0.50267913,0.499793361,0.497382644,0.494984535,0.493076097,0.49051633,0.487828597,0.485297591,0.482592234,0.479970346,0.477700926,0.475651135,0.473638024,0.472364108,0.471756914,0.471103354,0.469899797,0.46895806,0.468590026,0.46827967,0.467971758,0.466820474,0.465421937,0.463370062,0.463198838,0.463208145,0.462669274,0.461195243,0.459911906,0.458878329,0.457284072,0.455752487,0.454500924,0.454105318,0.45321451,0.452376601
1.000hr,0.873357732,0.900854678,0.927794709,0.953631789,0.976821624,0.993671276,1,0.995320381,0.986355522,0.976723703,0.967282801,0.957590947,0.946699838,0.934266223,0.921346833,0.908361009,0.895370268,0.882305674,0.868955277,0.85572786,0.842922735,0.830489134,0.818365727,0.806293163,0.79427115,0.782342981,0.771090878,0.760309807,0.749966001,0.739948642,0.730251527,0.720776037,0.711714246,0.70301937,0.694723592,0.686952673,0.679357783,0.672251209,0.665616845,0.659391591,0.65354712,0.648046306,0.642846165,0.637940657,0.633457365,0.628943353,0.625166379,0.621506035,0.618130595,0.614993413,0.612162371,0.609251378,0.606885429,0.604559163,0.602513385,0.600248745,0.598514754,0.596788711,0.594817257,0.593076896,0.591544548,0.59020072,0.588814849,0.58746635,0.586105918,0.58496226,0.583667947,0.5824717,0.581321995,0.580085999,0.578867182,0.577533781,0.576020338,0.574496174,0.572591995,0.571002561,0.569199561,0.567414829,0.565995418,0.564452241,0.56285423,0.561074678,0.559802602,0.558189102,0.557111353,0.55591165,0.554449884,0.552961882,0.551452267,0.550149018,0.549425751,0.548742394,0.548040892,0.547284573,0.546358501,0.54536723,0.544136052,0.54276286,0.540888658,0.539249926,0.537166838,0.53506605,0.532746955,0.530587805,0.528358112,0.526112222,0.523818282,0.521588713,0.519214048,0.51650517,0.513577078,0.511072166,0.508596539,0.506642163,0.504102018,0.501437451,0.498921502,0.496229611,0.493627463,0.491408623,0.48937183,0.487367955,0.4860558,0.485445543,0.484781866,0.483574217,0.482556811,0.482112787,0.481821663,0.481458426,0.480230257,0.478711958,0.476662544,0.476478873,0.476467463,0.475892483,0.474392428,0.47303369,0.471884619,0.470199996,0.468605895,0.46731656,0.466878464,0.465936628,0.465091635
1.167hr,0.840668825,0.867530164,0.895703358,0.924955892,0.953885089,0.9788236,0.995320381,1,0.997434305,0.991933912,0.985007393,0.976667168,0.966204985,0.953783829,0.940867622,0.927901397,0.914954639,0.901929702,0.888593584,0.875285398,0.862325328,0.849668353,0.83728371,0.824924378,0.81259684,0.800367832,0.788808079,0.77773188,0.767094301,0.756792467,0.746813883,0.737072639,0.727754457,0.718809066,0.71027112,0.702275055,0.694478435,0.68717732,0.680359209,0.673969326,0.667982017,0.662354722,0.65703942,0.652041649,0.647475071,0.642896455,0.639037306,0.635310547,0.631870104,0.628674196,0.625772076,0.622796284,0.620359013,0.617965299,0.615836949,0.61349787,0.611670537,0.609860176,0.607797835,0.60597665,0.604351701,0.602910218,0.601437115,0.600009527,0.598562068,0.597334601,0.595957551,0.594650737,0.593405882,0.592076172,0.590754443,0.58931881,0.587711163,0.586094449,0.584113052,0.582452012,0.58059425,0.578734645,0.577233677,0.575630266,0.573986742,0.572130758,0.570767354,0.569036487,0.567857029,0.566537922,0.564949485,0.563343507,0.561722631,0.560338602,0.559534201,0.558763831,0.557990346,0.557137251,0.556116701,0.55505185,0.553743186,0.552303468,0.550370143,0.548668925,0.546534201,0.544389467,0.542022047,0.539819077,0.537557466,0.535265998,0.53293819,0.530668658,0.528274941,0.525542696,0.522609586,0.520051965,0.517529069,0.515540367,0.513046341,0.510433848,0.507962444,0.505310217,0.502751246,0.500600301,0.498592136,0.496620876,0.495280831,0.494657271,0.49397522,0.49276998,0.49167092,0.491161059,0.490870493,0.490452634,0.489154805,0.487492312,0.48539077,0.485156396,0.485111473,0.484481778,0.482938261,0.481495076,0.480216793,0.47840544,0.47671207,0.475371699,0.474876298,0.473869568,0.473004293
1.333hr,0.814954054,0.841530363,0.870523941,0.901812515,0.934054575,0.963674612,0.986355522,0.997434305,1,0.998324915,0.994104148,0.987571234,0.978182584,0.966461563,0.954139289,0.941677892,0.929161154,0.916489314,0.90343606,0.890312012,0.877460515,0.864846888,0.852460973,0.840068218,0.827674659,0.815361083,0.803686765,0.792486136,0.781708862,0.771264656,0.761133909,0.751243591,0.741775368,0.732678392,0.723988576,0.715846084,0.707914699,0.700475425,0.693517227,0.686992292,0.680881011,0.675132317,0.669699928,0.664600528,0.65993633,0.655280753,0.651322539,0.647515156,0.643999609,0.6407338,0.637752325,0.634709088,0.632199676,0.629743216,0.627539553,0.62513402,0.623226435,0.621343954,0.619202267,0.617310265,0.615607735,0.614084705,0.612537315,0.611044053,0.609523526,0.60822844,0.606787595,0.60539311,0.604073251,0.602665225,0.601261743,0.599747728,0.598062026,0.596368215,0.594323172,0.592599788,0.59069451,0.588771152,0.587194511,0.585534539,0.583848101,0.581924629,0.580474777,0.578637803,0.577363001,0.575937203,0.574240589,0.572528346,0.570814466,0.569370786,0.568508961,0.56767305,0.566851027,0.5659287,0.564831732,0.563714274,0.562349977,0.560864047,0.558893705,0.557144726,0.554969096,0.552790028,0.550379949,0.548138315,0.545850525,0.543519215,0.541164018,0.538861042,0.536454701,0.533699796,0.530761549,0.528162067,0.525594837,0.523561897,0.521099432,0.518523569,0.516081482,0.51345564,0.510928557,0.50882106,0.506816926,0.50485853,0.503473558,0.502813109,0.502095666,0.500878677,0.499683086,0.499101413,0.498790364,0.498316144,0.496941654,0.495093342,0.492875946,0.492547082,0.492450594,0.49175565,0.490150098,0.488613768,0.487213541,0.48526327,0.483448084,0.48203469,0.48146014,0.480380531,0.479472784
1.500hr,0.795589936,0.821807226,0.851223496,0.883715748,0.917941601,0.950344068,0.976723703,0.991933912,0.998324915,1,0.998589181,0.994340131,0.986745434,0.976446724,0.965295963,0.95380033,0.942074627,0.93003788,0.917494548,0.904761676,0.892225045,0.879863032,0.867678828,0.855452069,0.843180377,0.83095652,0.819327427,0.808147609,0.797363328,0.786900098,0.776727716,0.766787013,0.757254892,0.748084983,0.739311177,0.731078402,0.723059613,0.71551961,0.708449902,0.701808937,0.695583929,0.689716646,0.684164825,0.678954503,0.674179103,0.669432386,0.665358886,0.661455626,0.657852618,0.654502982,0.651431254,0.64831123,0.645720879,0.643197749,0.640915629,0.638444554,0.636457684,0.634503447,0.632283224,0.630321616,0.62854305,0.626940828,0.625321061,0.623764422,0.622173091,0.620812871,0.619312153,0.617835966,0.6164437,0.614957714,0.613479657,0.611894293,0.610135649,0.60836862,0.606264254,0.604476441,0.602519601,0.600530041,0.598872888,0.597149585,0.595414495,0.593422162,0.591883755,0.589939214,0.588564259,0.587031711,0.585228693,0.583406994,0.581600394,0.580097314,0.579182944,0.578285057,0.57741876,0.576433682,0.575258058,0.574085232,0.572663708,0.571126765,0.569112902,0.567305799,0.56507903,0.562852014,0.560385871,0.558089199,0.555759731,0.553372567,0.550974084,0.54862251,0.54618861,0.543391889,0.540428336,0.537776422,0.535149241,0.533050512,0.53059026,0.528021384,0.525579222,0.522950401,0.520429998,0.518333797,0.516303495,0.514329381,0.512875745,0.512154734,0.511385736,0.510141506,0.50883743,0.508174241,0.507824644,0.507283323,0.505828267,0.503766496,0.501398513,0.500947839,0.500791253,0.500028139,0.498350542,0.49671594,0.495198083,0.493105195,0.491154734,0.489652819,0.488982639,0.487825079,0.486856042
1.667hr,0.781093322,0.806885184,0.836338883,0.869411175,0.904756064,0.938779899,0.967282801,0.985007393,0.994104148,0.998589181,1,0.998473455,0.993407205,0.985269339,0.975865418,0.965793545,0.955225106,0.944117515,0.93232178,0.920182433,0.90814633,0.896215107,0.884403011,0.872507228,0.860511958,0.84852364,0.837074429,0.826039532,0.815364012,0.804989327,0.794872676,0.784969291,0.775450149,0.766276762,0.757477045,0.749201168,0.741135403,0.733525,0.726366533,0.719624278,0.713293185,0.707308833,0.701634828,0.696305861,0.691408399,0.686558587,0.682358056,0.678345766,0.674643188,0.671196189,0.668024799,0.664819253,0.662137573,0.659542066,0.657175668,0.654637367,0.652567668,0.650537846,0.648238007,0.646207091,0.644349463,0.642666774,0.640972343,0.639350822,0.637687621,0.636260356,0.634698279,0.633140207,0.631671858,0.630104629,0.628554511,0.626897356,0.62506733,0.623227287,0.621065737,0.619209919,0.617196098,0.615137405,0.613394568,0.611600826,0.609811971,0.607748074,0.606118383,0.604062872,0.602580673,0.600935784,0.59902223,0.597083226,0.595179728,0.593609331,0.592638712,0.591674036,0.590760213,0.589710376,0.588447258,0.587206904,0.585716744,0.584114597,0.582041606,0.58015729,0.577862581,0.575568501,0.573026083,0.570649861,0.568256738,0.565791142,0.563325223,0.560903582,0.558419468,0.5555567,0.552542248,0.549819013,0.547110035,0.544920251,0.54242898,0.539834708,0.537361154,0.534697836,0.532155708,0.530035545,0.527947791,0.525929188,0.524383573,0.523573285,0.522730895,0.521443402,0.520020631,0.519258,0.518850645,0.518236043,0.516708146,0.514413521,0.511878015,0.511287588,0.511061797,0.51022553,0.508466846,0.506727162,0.505092033,0.50285617,0.500759907,0.499156211,0.498369999,0.497129616,0.496079961
1.833hr,0.769799583,0.795078159,0.824247021,0.857398519,0.893212601,0.928043123,0.957590947,0.976667168,0.987571234,0.994340131,0.998473455,1,0.998138503,0.992880322,0.985789712,0.977596742,0.968559322,0.95869502,0.947910793,0.936586979,0.92524212,0.913914927,0.90263277,0.891217183,0.879636076,0.868012374,0.856862966,0.846083226,0.835620215,0.825430666,0.815460098,0.805677129,0.796245424,0.787137605,0.778371142,0.770101507,0.762031174,0.754383423,0.747162861,0.740339122,0.733914639,0.727820857,0.722028491,0.716580229,0.711558457,0.706600761,0.702270036,0.698143314,0.694334883,0.690782732,0.68750666,0.684211798,0.681432082,0.678761264,0.67630706,0.67370066,0.671545376,0.669435251,0.667056057,0.6649558,0.663016638,0.661252836,0.659481994,0.657793299,0.656057132,0.654560152,0.652933281,0.651290654,0.649740098,0.648088778,0.646465492,0.64473219,0.642829381,0.64091477,0.638696836,0.636770253,0.634695664,0.63256559,0.630733767,0.628864074,0.62701652,0.624878143,0.623153682,0.620984023,0.619388399,0.617623319,0.615593041,0.613527826,0.611521749,0.609873582,0.60883826,0.607798018,0.606830156,0.605710294,0.604348747,0.603024135,0.601449777,0.599765072,0.597614168,0.595632144,0.593252364,0.590871458,0.588233189,0.585753738,0.583276004,0.580710447,0.578153897,0.575640005,0.573083231,0.570131438,0.567041854,0.56422784,0.561418099,0.559113968,0.556561796,0.553911449,0.551378086,0.548649984,0.54605916,0.543882279,0.54170912,0.539619308,0.537958706,0.537031253,0.536098629,0.534750496,0.533201987,0.53231903,0.531836924,0.531143104,0.529539132,0.52700088,0.524278646,0.523533624,0.523225816,0.522306971,0.520455598,0.518602439,0.51684653,0.514464729,0.512214298,0.510494623,0.509573152,0.508243545,0.507094639
2.000hr,0.76018882,0.784952232,0.813610882,0.846416508,0.882108649,0.917011808,0.946699838,0.966204985,0.978182584,0.986745434,0.993407205,0.998138503,1,0.998255706,0.994005331,0.988123784,0.980980944,0.972675257,0.96317844,0.952908793,0.942456873,0.931909419,0.921311135,0.910516912,0.899477154,0.888335922,0.877595262,0.867170386,0.857012995,0.847094863,0.837352179,0.827766044,0.818492979,0.809519,0.800847006,0.79263735,0.784610222,0.776965169,0.769716427,0.762839013,0.756342385,0.750156527,0.744258594,0.738699912,0.733560973,0.728499822,0.724044191,0.719806114,0.715894496,0.712237503,0.708857699,0.705476426,0.702597592,0.699852591,0.697309378,0.694636655,0.692395286,0.690201492,0.687748055,0.685578559,0.683557092,0.681712209,0.679864099,0.678107076,0.67629805,0.674729114,0.673034555,0.671304008,0.669666452,0.667930014,0.666232182,0.664420272,0.662442385,0.660451662,0.65817591,0.656175604,0.654035892,0.651830562,0.649907405,0.647956084,0.646043929,0.643827655,0.642003849,0.639716773,0.638001598,0.636109706,0.63395637,0.631756875,0.629642919,0.627904261,0.626792871,0.625667565,0.624638205,0.623442079,0.621973361,0.620549979,0.618877223,0.617096056,0.614850831,0.612753647,0.610276524,0.607793439,0.605046425,0.602447455,0.599870624,0.597190215,0.594526342,0.591904186,0.589258782,0.586203404,0.583022524,0.580106059,0.577182248,0.574747931,0.572112913,0.56938441,0.56677011,0.563954002,0.561290439,0.559032421,0.556753222,0.554570682,0.552778426,0.551710209,0.550670871,0.549244198,0.547564084,0.54654762,0.545973272,0.545192811,0.543509303,0.540722224,0.53779263,0.536879679,0.53647302,0.535461535,0.533506212,0.531530021,0.529648207,0.527116366,0.524703069,0.522854864,0.521781166,0.520356834,0.519092823
2.167hr,0.75011002,0.774482952,0.802659999,0.835003161,0.870304474,0.904890216,0.934266223,0.953783829,0.966461563,0.976446724,0.985269339,0.992880322,0.998255706,1,0.998681869,0.995250437,0.990159986,0.983579927,0.975540328,0.96648945,0.957071941,0.947421927,0.937604928,0.927513062,0.917087925,0.90649413,0.896217865,0.886194455,0.876383508,0.866770691,0.857286519,0.847925906,0.838839273,0.830027276,0.821479577,0.813357557,0.80540057,0.797785096,0.790533771,0.783626555,0.777079869,0.770822628,0.764838494,0.759185662,0.753945362,0.748794237,0.744226976,0.739888186,0.735882539,0.732128771,0.728652168,0.725192062,0.722218967,0.719403754,0.716774422,0.714036997,0.71171221,0.709433986,0.7069123,0.704670546,0.702568016,0.700644479,0.698720411,0.696895199,0.695015147,0.693374854,0.691612893,0.68979616,0.68807377,0.686255784,0.684485487,0.68259936,0.680548606,0.678484821,0.676152905,0.674082401,0.671878765,0.669599034,0.667586141,0.665552738,0.66357232,0.661278831,0.659355638,0.656954217,0.655119197,0.653103966,0.650830139,0.64850007,0.646281931,0.644450878,0.643261796,0.642050609,0.640959532,0.639688211,0.638114899,0.636589865,0.634817515,0.632941288,0.630602871,0.628392763,0.625822887,0.623239851,0.620389348,0.617673089,0.615001251,0.612210423,0.609442085,0.606715172,0.603985042,0.600832656,0.597565897,0.594556957,0.591526595,0.588966227,0.586250552,0.583445312,0.580754304,0.577854273,0.575118274,0.57278174,0.570403031,0.568135095,0.566220646,0.565011582,0.563868569,0.562362712,0.560569161,0.559422953,0.558758342,0.557899151,0.556138719,0.553117938,0.549971481,0.548886196,0.548374607,0.547269776,0.545214403,0.543116997,0.541115179,0.538444387,0.53587845,0.533906209,0.532679729,0.53117003,0.529800729
2.333hr,0.739221585,0.763304339,0.791126257,0.823101075,0.858043327,0.892291815,0.921346833,0.940867622,0.954139289,0.965295963,0.975865418,0.985789712,0.994005331,0.998681869,1,0.998899967,0.995850859,0.991049107,0.984553884,0.97681923,0.968520226,0.959834083,0.950847238,0.94149,0.93170792,0.921683991,0.911887173,0.902273578,0.892813214,0.88350316,0.874271432,0.865128232,0.856221039,0.847562885,0.839136506,0.831099397,0.823211511,0.815628771,0.808381375,0.801452511,0.794865566,0.788547467,0.782489471,0.776753862,0.771423923,0.766193655,0.761524888,0.757093007,0.752998856,0.749153407,0.745585235,0.742050856,0.738987078,0.736103074,0.733389536,0.730585764,0.728178466,0.725815002,0.72322665,0.720909598,0.718725675,0.716723171,0.714722216,0.712828414,0.710877971,0.709167557,0.707339734,0.705441809,0.703639366,0.701743487,0.69990342,0.697948782,0.695830212,0.693698253,0.691316246,0.689182829,0.686919474,0.684568402,0.682470447,0.680355697,0.678304336,0.675934881,0.673913739,0.671405073,0.669452962,0.66732227,0.664935949,0.662486065,0.660172956,0.658257345,0.656998212,0.655706836,0.654560096,0.653221091,0.651553282,0.649933025,0.648067542,0.646106683,0.643687809,0.641378767,0.638730212,0.636060817,0.63312125,0.630302161,0.62754778,0.624660638,0.621799548,0.618980819,0.616177705,0.612943368,0.609606127,0.606522957,0.603404011,0.600733042,0.597950968,0.595083286,0.592332723,0.589367771,0.586573643,0.584177537,0.581724152,0.579395669,0.577385528,0.576054547,0.574824627,0.573254473,0.57137899,0.570126137,0.569385155,0.568467223,0.566641652,0.56342212,0.560068608,0.558818398,0.558208987,0.557021282,0.554882487,0.55267779,0.550570101,0.547782447,0.545087134,0.543008088,0.541641282,0.54006222,0.538608905
2.500hr,0.728043887,0.75188381,0.779405543,0.811053426,0.845659239,0.87958589,0.908361009,0.927901397,0.941677892,0.95380033,0.965793545,0.977596742,0.988123784,0.995250437,0.998899967,1,0.998990603,0.996046847,0.991220135,0.98493023,0.977858088,0.970225182,0.962139283,0.953569272,0.94447426,0.935054504,0.925761753,0.916576452,0.907480617,0.898480465,0.889504422,0.880578729,0.871850385,0.863343249,0.855037043,0.84708203,0.839260331,0.831709892,0.824468306,0.817521419,0.810898759,0.80452579,0.798400621,0.792588627,0.787175666,0.781873097,0.777108647,0.772588351,0.768408526,0.764473783,0.760817177,0.757211103,0.75405837,0.751104881,0.748306813,0.745435292,0.742943775,0.740493588,0.737837514,0.73544083,0.733173111,0.73108817,0.729007459,0.727042734,0.725019853,0.7232378,0.721342731,0.719363939,0.717483803,0.715510064,0.713600584,0.71157821,0.709393668,0.707194242,0.704764688,0.702572342,0.7002501,0.697828526,0.69564702,0.69345017,0.691323612,0.688877156,0.686758,0.684145448,0.682077023,0.67983516,0.677341038,0.674778614,0.672376111,0.670380082,0.669054943,0.667687267,0.666488145,0.665087281,0.663332941,0.661621965,0.659666638,0.657626687,0.655135035,0.652736046,0.650018182,0.647271903,0.644254119,0.641341593,0.638511888,0.635537616,0.632590568,0.629686766,0.62681625,0.623509049,0.620111157,0.616965951,0.613771066,0.611003854,0.608164545,0.60524459,0.60244645,0.599430567,0.59658914,0.594148797,0.591640226,0.589270254,0.587186838,0.585752562,0.584450228,0.582832667,0.580904124,0.579563076,0.578764311,0.577806817,0.575941972,0.572565038,0.569021073,0.567617008,0.566921603,0.565661862,0.563455382,0.561157789,0.558955608,0.556067457,0.553262903,0.551092029,0.549596716,0.547961168,0.546438336
2.667hr,0.716589239,0.740250385,0.767534317,0.79889757,0.833193396,0.86682449,0.895370268,0.914954639,0.929161154,0.942074627,0.955225106,0.968559322,0.980980944,0.990159986,0.995850859,0.998990603,1,0.999001868,0.995998289,0.991317224,0.985610721,0.979148457,0.972062681,0.964359174,0.956016318,0.947250725,0.93849942,0.929771448,0.921063628,0.912390727,0.903684903,0.894987513,0.88644763,0.878098326,0.869919553,0.862051384,0.854298907,0.846785209,0.839554927,0.832596865,0.82594567,0.81952643,0.813341968,0.807460542,0.801971346,0.79660359,0.791749968,0.787147311,0.782885341,0.778864591,0.775123033,0.771448609,0.768209272,0.765185506,0.762302912,0.759363331,0.756785098,0.754247309,0.751522766,0.749042491,0.746689507,0.744518199,0.742354385,0.740314772,0.738216321,0.736359389,0.734394451,0.732333018,0.730374556,0.72832044,0.726340234,0.724247582,0.721996622,0.719728207,0.717249972,0.714999216,0.712617823,0.710125807,0.707861898,0.705580833,0.703375441,0.70084963,0.698631023,0.695915854,0.693729609,0.691378217,0.688778441,0.686108256,0.683619128,0.681543094,0.680152604,0.678711342,0.677460874,0.676000625,0.674165691,0.672365864,0.670321976,0.668204127,0.665643185,0.66315946,0.660378302,0.65756111,0.654471531,0.651471081,0.648569062,0.645512968,0.642483255,0.639496947,0.636560445,0.633185985,0.629733859,0.626534881,0.623272643,0.620420441,0.617530489,0.614565085,0.611727575,0.608670949,0.605790699,0.603317355,0.600767474,0.598369259,0.596230779,0.594709413,0.593347673,0.59169786,0.589739281,0.588330429,0.587490883,0.586509201,0.584628526,0.581138044,0.577425446,0.57587899,0.575109376,0.573788234,0.571526096,0.569148529,0.566863421,0.563888972,0.560993829,0.558744392,0.557131157,0.555448766,0.553867805
2.833hr,0.705048936,0.728566047,0.755627246,0.786698683,0.820664734,0.853982107,0.882305674,0.901929702,0.916489314,0.93003788,0.944117515,0.95869502,0.972675257,0.983579927,0.991049107,0.996046847,0.999001868,1,0.998967629,0.996071927,0.991887691,0.986732952,0.980769448,0.974035948,0.966532531,0.95848968,0.950332372,0.942102599,0.933815193,0.92549443,0.917080058,0.908629125,0.900295028,0.892117837,0.88408106,0.876311888,0.868637953,0.861171254,0.853962752,0.847004957,0.840336592,0.83388351,0.827650765,0.82171,0.816154015,0.810730034,0.805796518,0.801119023,0.79678011,0.792678294,0.788855594,0.785116508,0.781793988,0.778700053,0.775733585,0.772726083,0.770058576,0.767433196,0.764638888,0.762071735,0.759631969,0.757369692,0.75511853,0.752999571,0.750821782,0.748885099,0.74684718,0.744700983,0.742662273,0.740524356,0.738470995,0.73630459,0.733985795,0.73164596,0.729117963,0.726808176,0.724365818,0.721802438,0.719456229,0.717088093,0.714798848,0.712190239,0.709869612,0.70705067,0.704745465,0.702283366,0.699577788,0.69680178,0.694225963,0.692067338,0.690609605,0.689095534,0.6877915,0.686270266,0.684358107,0.682469882,0.680337732,0.678140473,0.675510059,0.672944495,0.670103315,0.667218535,0.664060736,0.660976318,0.658002338,0.654867442,0.651757292,0.648690076,0.645687407,0.642249695,0.638748304,0.635502766,0.632181815,0.629254321,0.626319137,0.623314035,0.620444076,0.617355133,0.614444709,0.611947842,0.609367101,0.606950767,0.604771756,0.603177894,0.601768055,0.60009779,0.598130568,0.596671159,0.595806116,0.594810354,0.592932964,0.589371847,0.585513369,0.583837878,0.583004762,0.581629169,0.579321414,0.576874204,0.574517298,0.57146887,0.568499019,0.566181464,0.564459453,0.562735945,0.561105344
3.000hr,0.693119565,0.716546957,0.743429521,0.774232034,0.807871453,0.840865352,0.868955277,0.888593584,0.90343606,0.917494548,0.93232178,0.947910793,0.96317844,0.975540328,0.984553884,0.991220135,0.995998289,0.998967629,1,0.999045773,0.996538895,0.992835234,0.988126213,0.982482197,0.975924138,0.968691123,0.961197081,0.953519081,0.945693672,0.937756421,0.92965776,0.921475137,0.913368268,0.905382379,0.897507022,0.889853985,0.882273455,0.874869811,0.86769816,0.860757257,0.854087707,0.847618381,0.841352791,0.835367257,0.82975783,0.824289891,0.819288962,0.814546785,0.810138306,0.805962789,0.802064215,0.798265377,0.794864775,0.791702017,0.78865372,0.785579286,0.782821513,0.780109037,0.777243058,0.774586758,0.772058606,0.769700705,0.767358002,0.765155503,0.762893452,0.760871949,0.75875701,0.756523383,0.754401226,0.752175397,0.750045297,0.747800889,0.745411502,0.742997083,0.740417917,0.738046685,0.735540636,0.732903711,0.73047374,0.728016541,0.725638217,0.722943162,0.720517225,0.717591909,0.715166063,0.712590827,0.709777996,0.706896725,0.704232149,0.701985609,0.700456214,0.698867805,0.69750515,0.695917899,0.69392844,0.691950288,0.689728712,0.687448055,0.684745415,0.68209864,0.67919758,0.67624548,0.673019949,0.669854237,0.666807439,0.663595483,0.660406562,0.657259623,0.654189909,0.650691934,0.647145052,0.643859378,0.640488245,0.637495486,0.634520383,0.631481501,0.628585904,0.625472758,0.622540759,0.620028369,0.617425491,0.614999852,0.612791884,0.611138856,0.609689748,0.608008436,0.606049076,0.604552065,0.603671555,0.602673439,0.600816296,0.597222994,0.593241186,0.591446815,0.590556435,0.589129398,0.586784012,0.584275536,0.58185669,0.578744812,0.575712824,0.573334811,0.571511904,0.569749905,0.568077036
3.167hr,0.681408221,0.70475545,0.73148113,0.762023807,0.795322574,0.827949638,0.85572786,0.875285398,0.890312012,0.904761676,0.920182433,0.936586979,0.952908793,0.96648945,0.97681923,0.98493023,0.991317224,0.996071927,0.999045773,1,0.999198999,0.997005931,0.993628434,0.98916017,0.983637131,0.977298291,0.970544749,0.96348528,0.956178816,0.948672852,0.940930186,0.933051193,0.925204063,0.917439115,0.909752979,0.902242515,0.894778917,0.887462593,0.880350759,0.873450633,0.866802448,0.860340568,0.854064471,0.84805527,0.84241303,0.836918793,0.831869044,0.827078173,0.822612885,0.818377649,0.814414492,0.810565816,0.807098491,0.803873646,0.800752137,0.79761739,0.794775703,0.791983006,0.78904971,0.786308932,0.783696939,0.78124537,0.778813545,0.776529774,0.774184165,0.772079143,0.769887392,0.767569667,0.765365569,0.763053853,0.760847909,0.758525622,0.756066662,0.75357843,0.750947898,0.748515086,0.745944259,0.743233953,0.740720302,0.738174208,0.735705262,0.732922967,0.730391874,0.727360718,0.724815809,0.722129739,0.719212046,0.716229004,0.713477109,0.711141077,0.709537525,0.707874927,0.706451471,0.704794897,0.702728671,0.700661137,0.698351481,0.695984395,0.693206133,0.690477216,0.687513654,0.684492357,0.681197263,0.677951037,0.674829554,0.671541121,0.668273366,0.665046669,0.661908283,0.658351088,0.65476009,0.65143793,0.648021224,0.644970024,0.64195721,0.638887595,0.635969953,0.632837838,0.629888569,0.627364318,0.624743857,0.622312508,0.620081319,0.618376458,0.616890575,0.615200749,0.613258679,0.611733083,0.610843008,0.60984485,0.608014458,0.604415285,0.600327298,0.598415427,0.597466996,0.595989245,0.593611497,0.591048695,0.588576042,0.585410355,0.582324624,0.579890882,0.577972812,0.576171629,0.574464198
3.333hr,0.670206077,0.693433888,0.71997449,0.750256911,0.783228456,0.815492533,0.842922735,0.862325328,0.877460515,0.892225045,0.90814633,0.92524212,0.942456873,0.957071941,0.968520226,0.977858088,0.985610721,0.991887691,0.996538895,0.999198999,1,0.999285607,0.997256298,0.994011688,0.989592149,0.984223702,0.978290522,0.971927524,0.965213372,0.958206553,0.950882619,0.943362937,0.935824394,0.928323101,0.920863559,0.913530442,0.906214374,0.899013821,0.891988033,0.885153908,0.878550866,0.872118927,0.865854509,0.859842809,0.854188517,0.848685927,0.843606643,0.838783322,0.834275277,0.829995513,0.825981388,0.822094323,0.818573551,0.815296293,0.812113874,0.808928436,0.806013718,0.803152709,0.800161196,0.79734681,0.794661318,0.792124971,0.789612645,0.78725593,0.784834684,0.782653229,0.780390028,0.777997906,0.775718643,0.773330027,0.77105433,0.768660149,0.766138025,0.763582157,0.760903001,0.758412843,0.755780211,0.753000868,0.750407424,0.747775535,0.745217703,0.74235026,0.739716633,0.736584088,0.733924946,0.731133601,0.728116561,0.725037809,0.722202868,0.719779841,0.718102544,0.716367973,0.714883823,0.713158843,0.711018397,0.708863649,0.70646899,0.704015103,0.701159511,0.698347863,0.695319182,0.692226724,0.688859642,0.685533066,0.68233439,0.678969134,0.675621586,0.672313845,0.669104552,0.665487499,0.661851353,0.658493807,0.655033112,0.651925999,0.648874879,0.64577374,0.642833059,0.639683307,0.636716186,0.634178895,0.631541093,0.629103384,0.626849015,0.625094303,0.623568767,0.621866336,0.619944043,0.618394118,0.617497628,0.616497152,0.6146896,0.611100439,0.606920764,0.604888002,0.603873081,0.602345247,0.599936209,0.59732349,0.594802999,0.591591337,0.588457207,0.585970103,0.583961409,0.582118208,0.580379243
3.500hr,0.659650706,0.682710543,0.709017102,0.738994947,0.77160016,0.803462175,0.830489134,0.849668353,0.864846888,0.879863032,0.896215107,0.913914927,0.931909419,0.947421927,0.959834083,0.970225182,0.979148457,0.986732952,0.992835234,0.997005931,0.999285607,1,0.999326981,0.997353604,0.994112147,0.989799492,0.984775209,0.979196319,0.973158656,0.966730688,0.959901624,0.952809188,0.945638465,0.938452516,0.93126411,0.924148261,0.917014408,0.909960179,0.903047576,0.896304172,0.889768395,0.88338634,0.877152946,0.871156737,0.865506898,0.86001066,0.854916697,0.850073416,0.845533074,0.841220067,0.837165737,0.833249056,0.829684646,0.826362205,0.82312855,0.81990058,0.816921933,0.81400233,0.810960551,0.808082273,0.805332973,0.802720155,0.800136085,0.79771414,0.795225013,0.792973873,0.790645153,0.788188579,0.785841249,0.783384923,0.781045861,0.778586298,0.776008025,0.773391188,0.770666588,0.768123591,0.765433461,0.762590855,0.759922372,0.757208647,0.754564554,0.751614075,0.748879802,0.745649177,0.742879044,0.739986649,0.73687429,0.733704298,0.73078975,0.728280974,0.726529292,0.724725062,0.723180088,0.721388272,0.719176711,0.716937124,0.714460401,0.711920609,0.708986213,0.706092464,0.702997244,0.699833123,0.696392244,0.692986419,0.6897083,0.686266433,0.682838549,0.679449555,0.67616713,0.672489888,0.668807521,0.665415052,0.661911972,0.658750621,0.655660673,0.652527263,0.649561823,0.646394581,0.64340885,0.640856218,0.638200492,0.635755129,0.63347697,0.631672684,0.630104301,0.62838431,0.626482058,0.624911153,0.624010642,0.623007625,0.621219096,0.617652634,0.613397,0.611241673,0.610151869,0.608572026,0.606130109,0.603468795,0.600903545,0.597650946,0.594471805,0.591932003,0.589836422,0.587945309,0.586173318
