,s1,-0.030,-0.060,-0.090,-0.120,-0.150,-0.180,-0.210,-0.240,-0.270,-0.300,-0.330,-0.360,-0.390,-0.420,-0.450,-0.480,-0.510,-0.540,-0.570,-0.600,-0.630,-0.660,-0.690,-0.720,-0.750,-0.780,-0.810,-0.840,-0.870,-0.900,-0.930,-0.960,-0.990,-1.020,-1.050,-1.080,-1.110,-1.140,-1.170,-1.200,-1.230,-1.260,-1.290,-1.320,-1.350,-1.380,-1.410,-1.440,-1.470,-1.500,-1.530,-1.560,-1.590,-1.620,-1.650,-1.680,-1.710,-1.740,-1.770,-1.800,-1.830,-1.860,-1.890,-1.920,-1.950,-1.980,-2.010,-2.040,-2.070,-2.100,-2.130,-2.160,-2.190,-2.220,-2.250,-2.280,-2.310,-2.340,-2.370,-2.400,-2.430,-2.460,-2.490,-2.520,-2.550,-2.580,-2.610,-2.640,-2.670,-2.700,-2.730,-2.760,-2.790,-2.820,-2.850,-2.880,-2.910,-2.940,-2.970,-3.000
s1,1.0,0.9958940844333046,0.9917044083370321,0.9900809130885155,0.9892465033818357,0.988691578059869,0.9856650037411065,0.9778574943682934,0.9707919417394545,0.9646848986889424,0.9594070179214351,0.9547575897076677,0.9490748234013774,0.9413890378910036,0.9325818246843378,0.9237734591022815,0.9153853981729794,0.9071022382949981,0.8982008790436747,0.8885412249276261,0.878557434378126,0.8684343230292096,0.8582525479601406,0.8479087489087969,0.8372280352399806,0.8261615384766537,0.815095095085327,0.8042240713909917,0.7932526166910776,0.7821375198312942,0.7708173272413745,0.7593779249387582,0.7479160188005861,0.7366681236570758,0.7254613030773344,0.7141156993267046,0.7028242724132642,0.691646400475757,0.6805945120875841,0.6696725040780429,0.6590342487830292,0.6483978331577912,0.6376752142788804,0.6270123704454966,0.616605188539203,0.6065472258018173,0.5967547579879212,0.5871124359579268,0.5775270486766518,0.5679704830912269,0.5587393549223588,0.5497910837682576,0.5410149427079889,0.5323711911127704,0.5239043944945804,0.5157635808008716,0.5079778464578526,0.5002486872707971,0.4926495131797785,0.4852800893583834,0.47815448969242913,0.47135662998811384,0.46484224901738913,0.4584781889670892,0.452146121771845,0.44597462886295647,0.4400986980213889,0.43445260210740977,0.4289812069562107,0.423777490183155,0.41881111816740274,0.41404883682803095,0.40945740197224745,0.4048842906473029,0.4004451632269541,0.3962112457806904,0.39219269454928857,0.38846891988498594,0.38491796648863646,0.38147528695846683,0.37810212490794826,0.37481293733813426,0.37161305455296806,0.3686158073806883,0.36586271220638955,0.3632604364179379,0.3606835078720708,0.35816563572475596,0.35578357655501414,0.35357219806692114,0.35146937157153685,0.3494201134230655,0.3474442132059853,0.3455924597150918,0.34382036734231747,0.34216435276589,0.3405360693439104,0.338907529758924,0.3373467028486978,0.3358140601981889,0.3342617897434334
-0.030,0.9958940844333046,1.0,0.9991732079614921,0.9985568220653774,0.9981679330795443,0.9978384345607026,0.9963803951428529,0.9921411584576492,0.987653979306541,0.9834517031511814,0.9796416193233365,0.9761729318784136,0.9719189585696193,0.9660570294956686,0.9591569371850106,0.9520849726391352,0.9451810916925734,0.9382239862682018,0.9306452651447321,0.9223009369462716,0.9135649682662672,0.9046195689596724,0.8955426611911612,0.8862336046364758,0.8765371431984644,0.8663922944037254,0.856153687802169,0.8460208769537827,0.8357373910143826,0.825252777164527,0.8145040049876213,0.8035754015663814,0.7925594064782678,0.7816943048696903,0.7708303549680543,0.7597771761284378,0.7487119062140819,0.7376902609252411,0.7267426378560751,0.7158861064062513,0.7052727266986188,0.6946283655441182,0.6838631536056956,0.6731085949252148,0.6625681463109089,0.652337396980769,0.6423402705284598,0.6324680839456026,0.6226289572203781,0.6127982415764358,0.6032641224244489,0.5939924291387438,0.5848730199054767,0.5758673601649835,0.5670288859326306,0.5585004627586694,0.5503139614831638,0.5421744630071745,0.5341572633136342,0.5263606541979653,0.5188040336366901,0.5115749346689684,0.50462831749109,0.4978280246392991,0.4910520120201098,0.48443574188777305,0.4781219498569455,0.4720451766676499,0.466141479577503,0.46050690688679913,0.45511254903011267,0.44992706952592093,0.444919676880675,0.43993673931802574,0.4350934342856649,0.4304599875777447,0.4260505621297374,0.42194878881296743,0.41802614929506776,0.41421889180549726,0.4104851899367383,0.4068425755031321,0.4032986155279107,0.3999674510076183,0.3968884810646517,0.3939672300812964,0.39108078173503286,0.3882667294236387,0.38559866179159746,0.3831070637814694,0.380724932195831,0.37839923844951623,0.3761574546185396,0.37405596105762645,0.37204402696756683,0.37014986816979595,0.3682873667096396,0.36643159136697684,0.36465244215899734,0.36290965615418336,0.36115087014979197
-0.060,0.9917044083370321,0.9991732079614921,1.0,0.9998981678667739,0.9997293460824734,0.9994883772333817,0.9985772615294645,0.9958487723900639,0.9925565779938237,0.9892648345259917,0.9861490912797596,0.9832378602826005,0.9796259300461883,0.9745767878998971,0.9685392887956125,0.9622633311990285,0.9560358483956887,0.9496905109134044,0.9427183361549771,0.9349838291079768,0.9268279650814459,0.9184322154793958,0.9098735497326235,0.9010532936109945,0.8918235664865486,0.8821211301084467,0.8722794852535637,0.862506749613618,0.8525637952444042,0.8423993065645274,0.8319516906224519,0.8212959297349655,0.8105221543649602,0.7998710252154333,0.7892044157591116,0.7783273840815764,0.7674156147743403,0.7565179964041898,0.7456727334979005,0.7349002195955882,0.7243544986884207,0.7137634413533887,0.7030365083344918,0.6923009188087725,0.6817656414822619,0.67152158637559,0.661494838637647,0.6515808953368482,0.6416903852272189,0.6318015913791144,0.6221992619183142,0.6128490532351861,0.6036404703097197,0.5945353301229446,0.5855936715815103,0.5769570931741265,0.5686548294044533,0.5603934083577057,0.5522508347124411,0.5443240867499458,0.5366355862102619,0.5292733808687968,0.5221908376995739,0.5152510738749356,0.5083323015952204,0.5015698793172773,0.49511022475375677,0.48888949512953445,0.48284021714686526,0.4770615385727652,0.47152076622419964,0.46618712348937635,0.4610313996077249,0.455901382238735,0.45091375660944016,0.44613552184485034,0.44158214007001745,0.4373391605601275,0.43327620317079324,0.4293307392953043,0.4254596917528812,0.4216799771271083,0.4179997844798076,0.41453393443670306,0.41132177170708717,0.40827036411116124,0.40525719537855615,0.4023199644587106,0.39952992066966764,0.39691763621624765,0.39441560794585767,0.3919695856488385,0.38960980777504384,0.3873941633589202,0.3852720386915617,0.38326870364187515,0.38129915701499273,0.3793388768894175,0.37745785083062733,0.3756150144314409,0.37375810332753573
-0.090,0.9900809130885155,0.9985568220653774,0.9998981678667739,1.0,0.999947160943428,0.9997734684177288,0.9990365015561141,0.9967526480446471,0.9938203811036146,0.990807395358102,0.9879072730733213,0.9851741814652883,0.9817583765234859,0.976943292664366,0.9711427371181981,0.9650753009411559,0.9590258678239928,0.9528455583514635,0.9460323936227235,0.9384497192488844,0.9304340902145088,0.9221685785702481,0.9137303438029499,0.9050233317888401,0.8958956975306747,0.8862817021299391,0.8765144690540673,0.8668080744893905,0.8569289403108936,0.8468223574205331,0.8364239907521714,0.8258062251416929,0.8150609556653623,0.8044326080443929,0.7937850927989483,0.7829213057474599,0.7720160392954797,0.7611168547857285,0.7502655389962087,0.7394814295010378,0.7289192771593741,0.7183086713485067,0.7075599643265061,0.6968000396077305,0.6862379717369629,0.6759614161285272,0.6658965512429015,0.6559420074835351,0.6460106320408063,0.6360823967090607,0.6264396750344401,0.6170465683370517,0.6077924483919307,0.5986399187221605,0.5896508935408885,0.5809664593662569,0.5726168215553307,0.5643076351521547,0.5561163270805699,0.5481399344911734,0.5404026732467475,0.5329929841079326,0.5258647666696387,0.5188792224839485,0.5119135982440441,0.5051035333726652,0.49859688953738474,0.49233093383453824,0.486238007535213,0.48041713077032155,0.4748334070970379,0.4694566868532547,0.4642584930634458,0.4590877004533347,0.45406095945878855,0.44924365704083813,0.44465101916111976,0.44036993742383423,0.43626982237984036,0.4322893244544161,0.4283838812085206,0.42456912782665196,0.42085427827246785,0.41735408548006503,0.4141080392136159,0.4110244028787036,0.40797998545434666,0.40501218835918096,0.40219164154989884,0.39954920729345395,0.3970185046369174,0.3945434076506165,0.39215423730343535,0.3899095685817567,0.38775929190808295,0.38572946355100096,0.3837346608735288,0.38174989861237285,0.37984452724613904,0.3779773849596594,0.37609714912461506
-0.120,0.9892465033818357,0.9981679330795443,0.9997293460824734,0.999947160943428,1.0,0.9999267332192058,0.9992836718255891,0.9971730735173384,0.9943900115591019,0.9914927841752472,0.9886965147215304,0.9860602014965522,0.9827375091164866,0.9780081725690609,0.9722853240052477,0.9662771380639144,0.9602861330349146,0.9541655868706823,0.9474000645299187,0.939852625978192,0.9318631568324368,0.9236210383403101,0.9152071477198992,0.9065211088537859,0.8974025774423875,0.8877848600524434,0.8780070646984817,0.8682910935382195,0.8584056142157716,0.8482896316778068,0.8378732098075392,0.8272302935970729,0.8164561422807793,0.8058002426952069,0.7951246747225708,0.7842290217805962,0.773287578247056,0.7623490098201466,0.7514594013283157,0.7406360554187692,0.7300331737742294,0.7193801341656588,0.7085890655083387,0.6977872976634452,0.6871837924531333,0.6768649211678578,0.6667554539982444,0.6567555369946263,0.6467804103983126,0.6368118728694642,0.6271296778020539,0.617697125047871,0.6084027427484734,0.5992098441811045,0.5901819591892853,0.5814602885632352,0.5730761532876921,0.564733220597774,0.5565066945102887,0.5484950812276403,0.5407245849020441,0.5332845865415691,0.5261294602634496,0.5191167848675926,0.5121230942346895,0.5052856918957733,0.49875290896783947,0.49246337669337825,0.48634877137209753,0.4805064819867821,0.4749007539909632,0.469502682939215,0.4642855084098863,0.4590986657260767,0.4540559173723187,0.449221438381283,0.4446111440204444,0.4403138043035992,0.43620000327807457,0.43220705551119265,0.4282889116870528,0.4244611628008871,0.4207337758495727,0.4172219598569468,0.4139648662676894,0.4108705925121339,0.40781592974880837,0.4048377225381453,0.4020070773997087,0.3993550436286824,0.3968159570013266,0.39433238096459816,0.39193367626991515,0.3896793170919339,0.38751993156030473,0.3854824845102907,0.38348123025740033,0.38149001273545136,0.37957732395484406,0.37770317745003795,0.37581718791742713
-0.150,0.988691578059869,0.9978384345607026,0.9994883772333817,0.9997734684177288,0.9999267332192058,1.0,0.9994425825492786,0.9973901850962742,0.9946652588507156,0.9918124717211537,0.989082245389698,0.9865248520406075,0.9832653723858906,0.9785559045254233,0.972840267296978,0.9668301981044205,0.9608549398013909,0.9547606091343043,0.9480018677602353,0.9404389653505426,0.9324245233191388,0.9241598480821743,0.9157356905203153,0.9070351038062645,0.8978862828914463,0.8882243278599103,0.8783982990260777,0.8686403846074404,0.8587205824635789,0.8485645989236205,0.8380984710890947,0.8274009101662599,0.8165706855887921,0.805864950977319,0.7951401845154525,0.7841902160869191,0.7731895464397508,0.7621901992697792,0.7512439512548399,0.7403675113764541,0.7297110648610685,0.7190019897555878,0.7081538436105498,0.6972958381162978,0.6866384698164792,0.6762686074545498,0.6661077962086349,0.6560558128371181,0.646030131683914,0.6360147639803488,0.6262870756366259,0.6168102555278229,0.60747155862824,0.5982349521433004,0.5891664966656345,0.580407339280205,0.5719882376914529,0.563612409381544,0.5553506732819435,0.5473044599841087,0.5395020029717824,0.5320336954447267,0.5248545526208661,0.5178177031732685,0.5107987878947412,0.5039384696316256,0.4973844196124993,0.49107667367572033,0.48494515517435083,0.4790846647916715,0.4734608437541084,0.46804629741777903,0.4628165367498444,0.4576207626060118,0.45256829786247543,0.44772202077998297,0.4430994006565622,0.43879129918802473,0.4346701220625334,0.4306696663810365,0.42674380977924103,0.422909378309995,0.4191764042204597,0.4156606396447212,0.41239942376819094,0.4093001683934203,0.4062406479695965,0.40325768222573605,0.40042331875005693,0.3977674801733766,0.395225150762961,0.392739615236036,0.39033817379902597,0.38808094844772334,0.3859187900558254,0.383879014811932,0.381876270928672,0.3798839592787801,0.37796893435086515,0.376093462280333,0.37420793686963033
-0.180,0.9856650037411065,0.9963803951428529,0.9985772615294645,0.9990365015561141,0.9992836718255891,0.9994425825492786,1.0,0.9987413644450615,0.9965526599997819,0.9941120200619795,0.9917191919037548,0.9894458098077064,0.9864475219394128,0.9819808760531946,0.9766079485740093,0.9709796377188754,0.9653911253139029,0.9596167219509059,0.9530872714574397,0.9457113010074706,0.9379111046123224,0.9298699606372258,0.9216648738239073,0.9131335497775496,0.9041022249994289,0.8945486488576526,0.8848365330763283,0.8751827535002695,0.8653465065831625,0.8552129644316281,0.8447418654473703,0.8340387420374084,0.8232100499908034,0.8124940050501773,0.8017365030290728,0.7907326694460463,0.7796615673234213,0.7685817098610295,0.7575326874369066,0.7465456743646257,0.7357689092135312,0.7249423460650978,0.7139781458156639,0.7029887420104285,0.6921843608651517,0.6816593698950593,0.6713399153762805,0.6611355994735124,0.6509565981358145,0.6407792758138081,0.630882347133593,0.6212328801771508,0.611728098416158,0.6023306587918164,0.5930963327821451,0.5841711168670547,0.5755843184766607,0.5670474426582718,0.5586302441172433,0.550427696377046,0.5424717623060578,0.5348543654990234,0.5275271111110834,0.5203489061159653,0.5131948966683582,0.5062011402342633,0.4995188751881795,0.49308794069601475,0.4868403141088629,0.48087120268312616,0.47514231810426216,0.46962969345705974,0.46431035096954565,0.459024962475432,0.45388618305099937,0.44896191592138135,0.44427170015057027,0.4399066247255844,0.4357311966197472,0.4316795590083142,0.4277032648926992,0.4238235952138238,0.42005408386258347,0.4165105812857467,0.41322468962051156,0.41010188092009603,0.4070204640269236,0.4040206560795582,0.40117148824472915,0.3985015212642314,0.3959472722442794,0.3934539316908599,0.39104935708370586,0.3887905219709419,0.386629055912356,0.3845904033570555,0.3825893469557707,0.3805976852772202,0.3786828427919582,0.37680902211917006,0.37492706066869236
-0.210,0.9778574943682934,0.9921411584576492,0.9958487723900639,0.9967526480446471,0.9971730735173384,0.9973901850962742,0.9987413644450615,1.0,0.9993461048788439,0.998038170280783,0.9965200992228582,0.994943770416415,0.9926479121391834,0.9890576482294936,0.9846090488976216,0.9799125494781116,0.9752622346002882,0.9703693384912457,0.9647274070321984,0.9581896294000052,0.9511857056283668,0.943876075235144,0.9363447701393227,0.9284650514321329,0.9200756394730036,0.9111671274671451,0.9020588905777288,0.8929521361197166,0.8836288646054811,0.8739492311111653,0.8638794094962371,0.8535544778319727,0.8430847206166268,0.8327042182970802,0.822250330358209,0.8115084430123188,0.8006764468550785,0.7897872402156773,0.7788851274423794,0.7680102374824975,0.7573137877448352,0.7465546963948869,0.7356391492138658,0.7246690724413599,0.7138453663685548,0.7032637248352741,0.6928690853398403,0.6825713430809346,0.6722715976444348,0.6619499377791807,0.6518897899565799,0.6420686539495828,0.6323817804927638,0.6227766189122299,0.6133128265843801,0.6041409311788924,0.5952978773103388,0.5864988768476603,0.5778111734194804,0.569327886981092,0.5610864801661672,0.553178207427643,0.5455552500457487,0.5380788401219265,0.5306269048135019,0.5233352790645943,0.5163594039180628,0.5096315435998341,0.5030781496138841,0.496816842402682,0.49080356794700425,0.4850125391328982,0.4794189689837969,0.4738588740165063,0.4684530061588288,0.46327361044431503,0.4583362120278227,0.4537273269872103,0.4493108915831699,0.4450260813900409,0.44082536403938377,0.43673470580698,0.43276367551300654,0.42902785126343673,0.42555635481157733,0.4222528912752044,0.41899712427546054,0.4158308591749239,0.41282410366829625,0.4100021388118551,0.407304263041043,0.4046760979053791,0.402146711170829,0.3997721049305767,0.3974972566307442,0.39534887620104614,0.3932441306955268,0.39115694583006505,0.3891506911620645,0.3871883070427027,0.38521933169756095
-0.240,0.9707919417394545,0.987653979306541,0.9925565779938237,0.9938203811036146,0.9943900115591019,0.9946652588507156,0.9965526599997819,0.9993461048788439,1.0,0.9996292857461179,0.998829696691747,0.9978259103245973,0.9960456884802996,0.9930522030127017,0.9893578327503296,0.9854449937613522,0.9815476980190141,0.9773526196173263,0.9723642335381928,0.9664570468012232,0.960097131023727,0.9533952305377332,0.9464304924262901,0.9390767842942722,0.9311859672428643,0.9227947305277644,0.9141817468089232,0.9055307769790552,0.8966243633115734,0.887316732030335,0.8776055225929104,0.8676194428399594,0.8574720769549383,0.8473866417152414,0.8371993240404382,0.826700963946926,0.8161000618464771,0.8054145822029044,0.7946851255395899,0.7839542600990242,0.7733834391436112,0.7627384086662153,0.7519186077242984,0.7410250811628861,0.730260671102257,0.7197168300405677,0.7093427954079059,0.6990508857948058,0.6887373522428696,0.6783902446020681,0.6682919306862156,0.6584203984680684,0.6486754297004321,0.638999379538454,0.6294528966686733,0.620186924542009,0.6112356920104918,0.6023239143152532,0.5935186070938907,0.5849098867475601,0.5765390017618389,0.5684954093856475,0.5607307424163193,0.5531091136420352,0.5455095778802908,0.5380665356662154,0.5309380740413543,0.5240552592525034,0.5173423525383805,0.5109288196870271,0.5047631432837175,0.4988197844653264,0.49307314330293217,0.48735633556854424,0.48179796511968,0.47646928004103256,0.47138640645335006,0.4666348073758584,0.46207512184459687,0.4576479825826947,0.453306184508323,0.44908081567536434,0.4449800732539269,0.44111744843485107,0.4375195510424389,0.43409151173787675,0.4307149321417371,0.4274301809724356,0.42430545199748493,0.4213674557161481,0.418558267050603,0.41582150737278495,0.4131882079484141,0.4107134110813408,0.40833925204133475,0.4060913815306753,0.40389091943996425,0.4017128067871809,0.39961621346303483,0.3975625850276396,0.39550394568037667
-0.270,0.9646848986889424,0.9834517031511814,0.9892648345259917,0.990807395358102,0.9914927841752472,0.9918124717211537,0.9941120200619795,0.998038170280783,0.9996292857461179,1.0,0.9997683656883314,0.9992183771383136,0.9978459145542504,0.9953156869042664,0.9921834630724905,0.9888659911506963,0.9855555278070889,0.9819086345464803,0.9774271593607864,0.9720002368919857,0.9661218551354146,0.9598782860393544,0.9533489439192167,0.9463978029746232,0.9388851975427123,0.9308805340742207,0.9226355486499903,0.9143279631518868,0.9057398932037144,0.8967126356376712,0.8872646298078126,0.8775250767640475,0.867612985042922,0.8577474932683951,0.8477612137260583,0.8374414318224339,0.8270090131420819,0.8164703635069213,0.8058634630650077,0.7952348596413609,0.7847524580823272,0.7741879538609555,0.7634370418524042,0.7525970457114127,0.7418707218483774,0.7313490642313176,0.7209866502511407,0.7106976590970869,0.7003711436557406,0.6899985461888757,0.6798661926081743,0.6699545524298411,0.6601670936653637,0.6504382045432962,0.6408273069623692,0.6314881725827197,0.6224554038294259,0.6134605289784562,0.6045688831109164,0.5958671525182492,0.5874001952920713,0.5792572436096829,0.5713887791082839,0.5636617609356084,0.5559561330314496,0.5484046163937193,0.5411672687125915,0.534172814150554,0.5273449887698062,0.5208234635443083,0.5145508591953489,0.5085007584760451,0.5026465546561939,0.4968191438378848,0.491153835560785,0.4857222547446282,0.48053933456909537,0.4756896079435176,0.47103094837845505,0.46650611959011795,0.4620679421439981,0.4577504504466234,0.45356171280211977,0.449613219826272,0.4459305112193854,0.4424188167706635,0.438960286161892,0.4355957367439553,0.43239209366282616,0.4293762165016303,0.42649222717778873,0.42368303178293665,0.420980745853807,0.4184391035715315,0.4159988629388185,0.4136849099013,0.41142123329948577,0.4091830676107325,0.40702658630188904,0.404912786781191,0.4027950401472344
-0.300,0.9594070179214351,0.9796416193233365,0.9861490912797596,0.9879072730733213,0.9886965147215304,0.989082245389698,0.9917191919037548,0.9965200992228582,0.998829696691747,0.9997683656883314,1.0,0.9998276348361501,0.9987897623345836,0.996624988073232,0.9939335783490909,0.99107970478902,0.9882362328204093,0.9850302286681928,0.9809524314722546,0.9759012024605543,0.9703984481650073,0.964511293171318,0.9583236187860548,0.9516874356990588,0.9444666522037105,0.9367576865043712,0.9287938267293085,0.9207482767883013,0.9124030389405235,0.9035891482785078,0.8943396798914448,0.8847842613733465,0.8750470539252523,0.8653448332082615,0.8555063692896315,0.845315577645097,0.8350035748024837,0.8245687604853925,0.8140470911719432,0.8034891520487766,0.7930673024456439,0.7825560393798328,0.7718473588429694,0.7610376804111586,0.7503300674004305,0.73981632616859,0.7294544666190359,0.7191588665749724,0.7088127840633558,0.6984106763538501,0.6882425124164231,0.6782917479859939,0.6684632843515914,0.6586855177331047,0.64901691934174,0.6396132382162677,0.6305104010166862,0.6214448863464404,0.6124796908847114,0.6036993264826912,0.5951520129959672,0.5869266034303992,0.5789730923287455,0.571160023168022,0.5633673285380059,0.5557278412918699,0.5484024753871172,0.5413189340160244,0.5343996540455842,0.5277911704021327,0.5214327626775545,0.5152979531785651,0.5093595765420437,0.5034464018319323,0.49769764178705317,0.4921851449754311,0.48692400190699453,0.4819979647220982,0.47726311219497736,0.47266262079873245,0.4681495027692082,0.4637615048808977,0.45950620877226955,0.4554934170813031,0.45174682202855987,0.44817132570743096,0.44465049799424594,0.4412254135565214,0.4379623303425916,0.4348872789400233,0.431946666984814,0.4290834854942185,0.4263302636715345,0.42373925940468493,0.4212496912451391,0.4188863774219523,0.41657559096012625,0.41429310075510783,0.41209186474326837,0.40993343593150716,0.40777246819275514
-0.330,0.9547575897076677,0.9761729318784136,0.9832378602826005,0.9851741814652883,0.9860602014965522,0.9865248520406075,0.9894458098077064,0.994943770416415,0.9978259103245973,0.9992183771383136,0.9998276348361501,1.0,0.9992444918245768,0.9973710658057116,0.9950311437785062,0.992547416877851,0.9900845794930531,0.9872660349108193,0.983509816384369,0.9787518929514267,0.9735428525113957,0.9679343477498744,0.9620321217168804,0.9556464108811342,0.9486501261839516,0.9411631426880541,0.93341087733001,0.9255669040036308,0.9174129647118315,0.9087518621983632,0.8996433504042877,0.8902197040056005,0.880609209853306,0.8710304328756924,0.8612984054600431,0.8511922639652654,0.8409559423270032,0.8305865357895554,0.820120876711007,0.8096110939144454,0.7992266854984724,0.7887451662203657,0.7780543263519903,0.7672551901054533,0.7565540623955935,0.7460402393010044,0.735671941066923,0.7253641674734659,0.7149936548911263,0.7045593618442259,0.6943584070572937,0.6843724173544417,0.6745066436255124,0.6646853889233839,0.6549661300434475,0.6455059044675013,0.6363447479669663,0.6272224179612249,0.6181970692268817,0.609351292752269,0.6007363702899147,0.5924424757490638,0.5844191819877974,0.5765370087659023,0.5686760164174012,0.5609664321624883,0.553569807056822,0.5464134567438504,0.5394189364487179,0.5327409240566687,0.5263153641656408,0.520113617886544,0.5141080875487571,0.5081266289510599,0.5023100627452742,0.4967331234559889,0.4914112530693629,0.48642529572338344,0.4816293636949433,0.47696738809036443,0.47239352626852416,0.46795000247131546,0.4636434940271226,0.4595809843797099,0.45578320028223374,0.45215523080431,0.44858357426565154,0.4451106117305667,0.44180037509622866,0.43867844761721964,0.4356925502979974,0.4327850046228709,0.42999027650888977,0.4273591657170096,0.4248300507591451,0.42242691007604577,0.42007765088851867,0.4177587698411301,0.41552087811768595,0.41332575713208464,0.41112975936535
-0.360,0.9490748234013774,0.9719189585696193,0.9796259300461883,0.9817583765234859,0.9827375091164866,0.9832653723858906,0.9864475219394128,0.9926479121391834,0.9960456884802996,0.9978459145542504,0.9987897623345836,0.9992444918245768,1.0,0.9985555981077681,0.996503747074787,0.9943021474454029,0.9921188720010645,0.9896874996601616,0.98667199483515,0.9824315974035938,0.9775221252939879,0.9721646067032408,0.9664974205124941,0.9604640331436791,0.9538490998906388,0.9466807103200052,0.9391752768908264,0.9315342174671224,0.9235835961922289,0.9151624458657227,0.9062180021040059,0.8969340563977838,0.8874496435615742,0.8780073133330762,0.8683989993396953,0.8584127557623022,0.8482434413363076,0.8379367787003245,0.8275370726084587,0.8170697202328397,0.8067078254067708,0.7962505857569445,0.785574451657887,0.7748182750349003,0.7641503587720759,0.7536291776500474,0.7432330469129085,0.7328896377440256,0.7224985199029119,0.7120602232001481,0.7018417583229031,0.6918264828457986,0.6819169668847884,0.6720610901111059,0.6623086136027875,0.6528008304220523,0.6435761776349552,0.634376066862104,0.6252978181525273,0.6163977296810588,0.6077282807242516,0.5993758555106775,0.5912735733352235,0.5833026820876054,0.5753572432863387,0.567565547813494,0.5600898510711535,0.5528582907502734,0.5457652975708064,0.5389757375216965,0.53243754224005,0.5261259960406923,0.5200224612873221,0.5139484959613472,0.5080253395611143,0.5023313408915149,0.4968825572996261,0.4917713913575603,0.4868567835515725,0.4820771374225727,0.47739095810504123,0.472830336314252,0.4684060099274469,0.46422275315243794,0.4603021210488985,0.45655009889139253,0.4528587440108531,0.44926781354238554,0.44584416064196986,0.4426103820778309,0.43950947821058955,0.43648849844547477,0.4335862750456328,0.43085223826448443,0.42822437812505,0.4257214041927079,0.4232697353839139,0.42084843776657466,0.41851303130307466,0.4162275729996958,0.41394702032687875
-0.390,0.9413890378910036,0.9660570294956686,0.9745767878998971,0.976943292664366,0.9780081725690609,0.9785559045254233,0.9819808760531946,0.9890576482294936,0.9930522030127017,0.9953156869042664,0.996624988073232,0.9973710658057116,0.9985555981077681,1.0,0.9987102730286632,0.9968489706689362,0.9949677693101486,0.9927854528090657,0.9901998177140818,0.9870147286688253,0.9829687737295852,0.9782867469145815,0.9730022736583843,0.9672640416100288,0.9611800824835424,0.9544651890960668,0.9473402869001386,0.9400913438957006,0.9325337621086661,0.92456543204537,0.9160631236611797,0.9070370806497011,0.8977817219610615,0.8885490189079892,0.8791784113793739,0.869445656904623,0.8594539521735681,0.8492888385455606,0.8390330598486055,0.8287235855402595,0.8184825632889388,0.808056472961727,0.7973955725683061,0.7866360869219025,0.7759934906688899,0.7655252044623627,0.7551333009662852,0.7447494174715604,0.7342891371245566,0.7237879230847103,0.7134950294487158,0.7033892159022384,0.6933808271283795,0.6834176285618627,0.6735482584550231,0.6639283210868053,0.6546062886757086,0.6452995469068085,0.6360832903880954,0.6270309573944459,0.6182111090160278,0.609732228939629,0.6015191527236542,0.5934154753198305,0.5853069632051057,0.5773536736593903,0.5697230899132164,0.5623491131258929,0.5551384627262897,0.5482118034670894,0.541523135433817,0.5350476263998016,0.5287843632112004,0.5225588182552307,0.5165029217559226,0.5106814654754404,0.505088069428035,0.4998258913588416,0.4947586847486183,0.48983464954866873,0.48501447337937054,0.48031778051107904,0.4757555686988566,0.4714319784648034,0.46737672198581975,0.46350006591984866,0.4596968307292746,0.45599710717614694,0.45246766423141893,0.4491250386253063,0.4459029967821032,0.44276731528578134,0.43976311878602475,0.4369382872168079,0.43422323922047307,0.43163211156527365,0.42909557919648295,0.4265926881732258,0.42418698663395293,0.42183687731082653,0.41949471505554037
-0.420,0.9325818246843378,0.9591569371850106,0.9685392887956125,0.9711427371181981,0.9722853240052477,0.972840267296978,0.9766079485740093,0.9846090488976216,0.9893578327503296,0.9921834630724905,0.9939335783490909,0.9950311437785062,0.996503747074787,0.9987102730286632,1.0,0.998974014976218,0.9975633860120414,0.9957688468775122,0.9934902768369803,0.9907493852655905,0.9874201461454988,0.9836572098319195,0.9793517072445439,0.9742438485496553,0.9685487304761626,0.9622687016278791,0.9556309653406528,0.948814376735191,0.9416966957917711,0.9341793162368707,0.9261589887641553,0.9176338858844277,0.9087521007287207,0.8998054184377019,0.8907038337906644,0.881228258694323,0.8714798452142698,0.8615387669034634,0.85150123263816,0.8414208216229249,0.8313802131433927,0.8211109651023306,0.8105593653316617,0.7998675761584337,0.7892548789206425,0.7788151486969704,0.7684765719306765,0.7581315030192415,0.7476980801301265,0.7371952102988659,0.726872025828028,0.7167138750952854,0.7066295212274647,0.6965653090489528,0.6865940199314681,0.6768711927767901,0.6674418024686815,0.6580297981700967,0.6487080057287231,0.639538617268228,0.6305950115002659,0.6219737546491408,0.613607481774527,0.6053505471023732,0.5970936378784241,0.5890011502889346,0.5812361314462957,0.5737276839989592,0.566387861104061,0.5593174700296178,0.5524782241647919,0.5458576651386877,0.5394506717586721,0.5330889332099946,0.5269004821756422,0.5209544372758271,0.5152422236845637,0.5098612163726329,0.5046795984882062,0.49963703752946437,0.49470244214031284,0.48989106642675423,0.48521100857732985,0.4807713055314236,0.4766065362554905,0.4726334158239612,0.4687502873537345,0.46497658075448056,0.46136916017326063,0.4579422848707209,0.4546405778783828,0.451429284082243,0.4483486888712637,0.4454464725339236,0.4426594638417596,0.44000286051770415,0.4374025192392452,0.43483972161887974,0.43237855593602137,0.4299779964201977,0.4275855785458353
-0.450,0.9237734591022815,0.9520849726391352,0.9622633311990285,0.9650753009411559,0.9662771380639144,0.9668301981044205,0.9709796377188754,0.9799125494781116,0.9854449937613522,0.9888659911506963,0.99107970478902,0.992547416877851,0.9943021474454029,0.9968489706689362,0.998974014976218,1.0,0.9993540926788141,0.9981028529946152,0.9962478756536824,0.9938894760172259,0.9910257792704826,0.98779977595659,0.9841962595847128,0.9799916033455802,0.974989533882181,0.9692301529662032,0.9630730247241006,0.956698386384862,0.9499857458147033,0.9428574485125978,0.9352385243633958,0.9271654199454706,0.9187595939982217,0.9102206711656144,0.9014641055814868,0.8922888771035468,0.882813233973421,0.8731323383414633,0.8633284080141559,0.8534681561656039,0.8436240923471604,0.8335535971264482,0.8231922837513618,0.8126721752141577,0.8022002961832906,0.7918474615518571,0.7815678328054045,0.7712779665004216,0.7608789695189923,0.7504142076316046,0.7401351750150721,0.7300029603921843,0.7199171576154765,0.7098265772220319,0.6998290199078865,0.6900660854392354,0.6805899686847704,0.6711141901367053,0.6617073106279839,0.6524485660690639,0.6434075141173636,0.6346922682414725,0.6262445382497541,0.6178956156428723,0.6095326977153054,0.6013148278125082,0.5934173326916772,0.5857898341960576,0.5783348783877525,0.5711410556421463,0.5641748227264888,0.5574252494878145,0.5508909899755977,0.5444057026944222,0.538087731171722,0.5320041622976178,0.5261563750390109,0.5206458780245947,0.5153456176055041,0.5101875925551715,0.5051352452101654,0.5002130632888371,0.49542096342227243,0.4908699020106684,0.4865901316804689,0.48249664188131647,0.47849765587423115,0.4746158447412039,0.47091350692322453,0.4674051844404717,0.4640194792093542,0.46071790706031507,0.45754070016213205,0.45454306537346767,0.45166500198253307,0.44892202345523347,0.4462446575954958,0.4436019889309125,0.4410607085282941,0.4385843723198979,0.4361205447297766
-0.480,0.9153853981729794,0.9451810916925734,0.9560358483956887,0.9590258678239928,0.9602861330349146,0.9608549398013909,0.9653911253139029,0.9752622346002882,0.9815476980190141,0.9855555278070889,0.9882362328204093,0.9900845794930531,0.9921188720010645,0.9949677693101486,0.9975633860120414,0.9993540926788141,1.0,0.9994883243100271,0.9981546347567972,0.996256353559781,0.9938871885787415,0.9911515348856086,0.9880335465379032,0.984343929777959,0.9799294391904532,0.974739575088833,0.9691300560077042,0.9632386946700741,0.9569583045131468,0.9501915131262034,0.9429107960699248,0.9352072143531865,0.9271839428489794,0.9190027027257209,0.9105860039247777,0.9017069502610582,0.8925042402357384,0.8830664698439652,0.8734939697174255,0.8638515476130011,0.8541926914007252,0.8442951244307397,0.8340880620857514,0.8237151191284555,0.8133850836151192,0.8031428220187815,0.7929483353926584,0.7827279201668544,0.7723809261271672,0.7619514386764447,0.7516967828996951,0.7415833313508089,0.7315034595245838,0.7214086393187489,0.7113955168837355,0.7016075977673416,0.6920878397565566,0.6825634566521138,0.6731004687767519,0.6637740308153643,0.6546548794698314,0.6458460971726513,0.6372971214926832,0.6288497400000763,0.6203940843774252,0.6120822258603825,0.6040767675918838,0.5963304578141598,0.5887625471055533,0.5814491585261582,0.5743659120118996,0.5675015265570464,0.5608455384003831,0.5542421456089609,0.547811161427769,0.5416110084459979,0.5356544885092558,0.5300353124129462,0.5246223774410931,0.5193562317670385,0.5141979770387263,0.5091705781807305,0.5042882747292933,0.4996504194357991,0.4952879390926462,0.49111249763095427,0.4870220109054231,0.4830465712490023,0.47925634290561914,0.47566899855149364,0.472210986863696,0.46883774130265954,0.4655894792519647,0.4625247859203829,0.4595824662661644,0.4567742281836056,0.45402805398790613,0.45131947353288204,0.44871608915067174,0.4461790018533433,0.44365551624503685
-0.510,0.9071022382949981,0.9382239862682018,0.9496905109134044,0.9528455583514635,0.9541655868706823,0.9547606091343043,0.9596167219509059,0.9703693384912457,0.9773526196173263,0.9819086345464803,0.9850302286681928,0.9872660349108193,0.9896874996601616,0.9927854528090657,0.9957688468775122,0.9981028529946152,0.9994883243100271,1.0,0.9992358200682337,0.99777842042826,0.9958702180736985,0.9935863327059975,0.9909507279836837,0.9878137001722493,0.9838586313192943,0.9791316883636951,0.9739954081277504,0.9685512359937475,0.9627150816644314,0.9563385092655093,0.9493857755352917,0.9420026291613406,0.9343059687017856,0.9264510953399734,0.91833692008844,0.9097327985392852,0.9007780586405503,0.8915608186031251,0.88220028061014,0.8727618569069858,0.8632881464748404,0.8535654868447591,0.8435129520574461,0.8332702027132786,0.8230549061383543,0.8129119941303081,0.8028108501976254,0.7926789707793637,0.7823970204514779,0.7720136134083261,0.7617882654964554,0.751703077245954,0.7416502006970025,0.7315713050082078,0.7215513930667968,0.7117345481887555,0.7021807099181256,0.6926290590984502,0.6831384245336884,0.6737681649785816,0.6645915524910287,0.6557117958411067,0.6470802820782171,0.6385567837635422,0.6300281882582118,0.6216358955606498,0.6135403196794871,0.6056999958292217,0.5980281578476537,0.5906169116652938,0.5834431190084671,0.5764862411468037,0.5697314076016093,0.5630217518213335,0.5564830640982128,0.5501776549467251,0.5441265931041143,0.5384159974504492,0.5329057707751158,0.5275420977204701,0.5222881324359506,0.5171666000574834,0.5121941354482711,0.5074664036205022,0.503015101970979,0.4987583061137277,0.4945814506480556,0.4905214026049437,0.4866428339755727,0.4829664907638262,0.4794252775382949,0.4759748493106687,0.4726501105885534,0.46950815810729496,0.4664888102650947,0.4636058545468326,0.4607882574519244,0.4580114902961164,0.4553396815707218,0.45273390520875323,0.4501418741053158
-0.540,0.8982008790436747,0.9306452651447321,0.9427183361549771,0.9460323936227235,0.9474000645299187,0.9480018677602353,0.9530872714574397,0.9647274070321984,0.9723642335381928,0.9774271593607864,0.9809524314722546,0.983509816384369,0.98667199483515,0.9901998177140818,0.9934902768369803,0.9962478756536824,0.9981546347567972,0.9992358200682337,1.0,0.9990881433354193,0.9975929443223742,0.9957038561500169,0.9934335179545806,0.9908351262274006,0.987691891884687,0.9835194488330946,0.9788371563743782,0.9737867160881545,0.9683388864732597,0.9624678351725342,0.9559548646270175,0.94894663598228,0.9415786505479248,0.9340507765651226,0.9262946194717416,0.918010103550515,0.9093252917643949,0.9003661518263112,0.8912229965767348,0.882001379351672,0.8727486744876066,0.8632159034540489,0.8533256731255929,0.8432415834700013,0.8331517783686988,0.8231213287887434,0.8131120870941753,0.8030665670692257,0.7928683043289193,0.7825585350646617,0.7723969221832526,0.7623580507296339,0.7523351357912682,0.7422843540066796,0.7322799055913609,0.7224710797199159,0.712918975913685,0.7033594582880014,0.6938636741157641,0.684476913209043,0.6752710264822972,0.6663482910886002,0.6576559118635504,0.6490859591806357,0.6405094865014914,0.6320581016869572,0.6238983766503442,0.6159808741502851,0.608220404244829,0.6007211115851093,0.5934632758373064,0.5864166983973704,0.5795688020355951,0.5727620649276333,0.5661102042988686,0.5596910104811036,0.5535280222241403,0.5477034060082584,0.5420761029251907,0.5365902455789138,0.531211608570615,0.5259636552253435,0.5208737922278371,0.5160237435315906,0.5114376564390383,0.5070442490091502,0.5027365799073843,0.498556521892849,0.49456067907767964,0.4907652620520857,0.48709813129700935,0.48351491740609187,0.48006590536440125,0.47680591574888237,0.473672235712541,0.47067616450553146,0.4677454724337747,0.46485061117971826,0.4620617493470048,0.45934564970300884,0.4566470227059164
-0.570,0.8885412249276261,0.9223009369462716,0.9349838291079768,0.9384497192488844,0.939852625978192,0.9404389653505426,0.9457113010074706,0.9581896294000052,0.9664570468012232,0.9720002368919857,0.9759012024605543,0.9787518929514267,0.9824315974035938,0.9870147286688253,0.9907493852655905,0.9938894760172259,0.996256353559781,0.99777842042826,0.9990881433354193,1.0,0.9991357211449596,0.997679594124037,0.9957981652473493,0.9935289557286014,0.9909581620959945,0.9877403686494869,0.9837881540166498,0.9792463763615471,0.9741825013617014,0.9687070980980413,0.9627280767421125,0.9561846835983552,0.9492225115167435,0.9420737050010217,0.9346830983107504,0.926810950039209,0.9184792219974622,0.9098111828140157,0.9009009066249175,0.8919068687429657,0.8829020003450498,0.8735893202668193,0.8638905563124893,0.8539827770037524,0.8440515692828123,0.8341658034941859,0.8242609436512923,0.8142854968793559,0.8041399534254449,0.7938893933920309,0.7837914447813575,0.773801745782543,0.7638062059395215,0.7537526282844407,0.7437232528074699,0.7338799054755981,0.7242844018061956,0.7146934638341953,0.705159431904154,0.6957185084592032,0.6864535453865775,0.6774695145019289,0.6687140597990464,0.6600517754758016,0.6513796031229415,0.642831185238673,0.6345807481620374,0.6265764760465251,0.6187240293158289,0.6111043508110577,0.6037225146269315,0.596550988047446,0.5895783084669992,0.5826460796071623,0.5758715178893031,0.5693349451849832,0.5630372724542333,0.5570734904829786,0.5513115887927461,0.5456949906316553,0.5401879470245446,0.5348137895987689,0.5295821736630008,0.5245911524622302,0.5198744694126283,0.5153538050604783,0.5109158907942455,0.506606562674998,0.5024822858222229,0.4985577681584238,0.4947683735008713,0.4910761993009621,0.4875216256274693,0.48415458885625995,0.48091047656120384,0.4777985848373275,0.4747546078755855,0.47176102406506826,0.46888547215285403,0.4660812143790884,0.46329505567328344
