,s1,-0.030,-0.060,-0.090,-0.120,-0.150,-0.180,-0.210,-0.240,-0.270,-0.300,-0.330,-0.360,-0.390,-0.420,-0.450,-0.480,-0.510,-0.540,-0.570,-0.600,-0.630,-0.660,-0.690,-0.720,-0.750,-0.780,-0.810,-0.840,-0.870,-0.900,-0.930,-0.960,-0.990,-1.020,-1.050,-1.080,-1.110,-1.140,-1.170,-1.200,-1.230,-1.260,-1.290,-1.320,-1.350,-1.380,-1.410,-1.440,-1.470,-1.500,-1.530,-1.560,-1.590,-1.620,-1.650,-1.680,-1.710,-1.740,-1.770,-1.800,-1.830,-1.860,-1.890,-1.920,-1.950,-1.980,-2.010,-2.040,-2.070,-2.100,-2.130,-2.160,-2.190,-2.220,-2.250,-2.280,-2.310,-2.340,-2.370,-2.400,-2.430,-2.460,-2.490,-2.520,-2.550,-2.580,-2.610,-2.640,-2.670,-2.700,-2.730,-2.760,-2.790,-2.820,-2.850,-2.880,-2.910,-2.940,-2.970,-3.000
s1,1.0,0.9958834667738198,0.9916920447758899,0.9900767608209351,0.9892428305623328,0.9886867126549695,0.9856598657569271,0.9778863909262652,0.9708641239877916,0.9648039454521598,0.9595724352987026,0.9549629877196945,0.9493027921834298,0.941612174833716,0.9327827873783108,0.9239583090116091,0.9155487059407216,0.9072728267194189,0.8984029310100833,0.8887435435434031,0.8787702788696582,0.8686626815404918,0.8584975216678776,0.8481488962682495,0.8374781177990412,0.8264051752397457,0.8153445662954643,0.8045008575660387,0.7935598085163295,0.7824686668000724,0.7711692658841323,0.7597273911625327,0.7482737748468864,0.7370303514828483,0.7258231798535081,0.7145323929831863,0.7032512156527265,0.6921029547914793,0.6810559275464246,0.6701338401530925,0.6595112093656651,0.648886181095373,0.6381990890314115,0.627547128525767,0.617167502144879,0.6071040606490676,0.5973290305751335,0.5876773188592668,0.5781228315539301,0.5685950415989982,0.5593800942265705,0.5504371803742236,0.5416845389755996,0.5330614811037203,0.5245886777889938,0.5164668675547557,0.5086817931747142,0.500979662851518,0.49337961675243946,0.4860238806646591,0.4789353795685358,0.4721360834655215,0.4656198506546318,0.4592771740445146,0.45293971847409953,0.4467904538134865,0.44094894419198055,0.4352887328728291,0.42981113281546374,0.4246299946759122,0.4196835859077378,0.41490756247700183,0.4103214594046838,0.40576149705638836,0.4013242991942004,0.39709025136629417,0.3930916768003885,0.3893522399380401,0.38578609119778245,0.3823730321318995,0.3790045132064744,0.37569904450372166,0.3724956298339262,0.3695061726895056,0.3667573808489908,0.3641488437435878,0.3615727019161658,0.35905184945048413,0.35666786058821903,0.3544594736338772,0.35234656424195965,0.350292212791132,0.3483092209741591,0.34644716603342196,0.34469111391177565,0.34301587240016945,0.3413748627224951,0.3397470714806774,0.33819279378344913,0.3366621419638748,0.33511318842754645
-0.030,0.9958834667738198,1.0,0.9991741468350133,0.998562768499471,0.998172867201672,0.9978412268620257,0.9963872437911734,0.992181629051079,0.9877389321398937,0.9835843504659104,0.9798201742023441,0.9763920356972742,0.97216180984994,0.9662936330483879,0.9593709752695205,0.9522826929484212,0.9453559068584761,0.938406928059948,0.930858257016443,0.9225137464862904,0.9137877095879489,0.9048596985201819,0.8957996390014257,0.886485807766237,0.8767996404032302,0.8666483055032684,0.8564173457739167,0.8463104417756283,0.8360571256100561,0.825596132256254,0.8148697934124799,0.8039383941700001,0.7929310189561014,0.7820730336493998,0.7712103289040635,0.7602109015643367,0.749156279231048,0.7381633725567465,0.7272221389142929,0.7163676851539403,0.7057715726367816,0.6951396452255072,0.6844105343891994,0.6736681141515279,0.6631559276754672,0.6529212532754394,0.642943162920815,0.6330623837827841,0.6232562539959915,0.6134554112502267,0.6039391413815327,0.5946737157549508,0.5855784166821396,0.5765951879687885,0.5677531418041245,0.559246205962599,0.5510620409844807,0.5429509406935227,0.5349338966063922,0.5271529662812086,0.5196350843584413,0.5124062650060695,0.5054602020633417,0.49868196727391384,0.4919020190667535,0.48531046015386925,0.47903345912489226,0.472944397128271,0.46703688544341826,0.4614260582799732,0.45605282690105164,0.45085643352129817,0.4458561827140946,0.4408881260237872,0.4360493487227091,0.4314177007051539,0.4270296406640385,0.42291469331363474,0.41897905521601625,0.4152032952315191,0.4114768317850774,0.4078191210098747,0.40427341519172855,0.4009524063852158,0.3978803328923762,0.3949544883186828,0.39207165376865977,0.3892563407226288,0.3865884515621812,0.38410296950120765,0.38171270342242675,0.379384157317467,0.3771370559303064,0.37502626958364327,0.3730342033871705,0.37112336664223544,0.36925106539049246,0.36739739948905337,0.3656269855075048,0.36388883437873604,0.36213634554959995
-0.060,0.9916920447758899,0.9991741468350133,1.0,0.9998990705028004,0.999730632535843,0.9994927325418101,0.998585440670668,0.9958869723883038,0.9926368176379788,0.9893883964796718,0.9863195569144768,0.9834517973107821,0.9798654661200331,0.9748060504194467,0.9687451655702237,0.9624495216247568,0.9561977429228032,0.9498628841045363,0.9429230609628947,0.9351875989218663,0.9270412325583054,0.9186621438530743,0.9101191454154538,0.9012949261495344,0.8920771230281932,0.882368835245545,0.8725370527155266,0.8627911491853779,0.8528780396266535,0.8427381370780053,0.8323137871868237,0.821655714739507,0.8108919206397481,0.8002495283365312,0.789586123985821,0.7787641756217838,0.7678635884121383,0.7569960341795211,0.7461591105417569,0.7353905804764339,0.7248647179863728,0.7142886813519564,0.7035978345842492,0.6928762142147787,0.6823705227644377,0.6721249505291069,0.6621202529039962,0.6522002503144596,0.6423441484482901,0.6324867102087393,0.622903969599429,0.6135630594876798,0.6043803537107574,0.5953001091490799,0.5863567140462876,0.5777434416215137,0.5694465920412682,0.5612165428350445,0.5530758908313108,0.5451668606480488,0.5375187823013237,0.5301597883084778,0.5230811735295663,0.5161647996247775,0.5092432673187649,0.5025081004399916,0.4960878776472952,0.489857596503132,0.48380749662371114,0.47805292947137534,0.4725354000337793,0.46719370463109144,0.4620472306442905,0.45693423082068974,0.4519522021426871,0.4471780720946207,0.4426482134480156,0.43839439858928814,0.4343204444787227,0.43040759768684567,0.4265456295176945,0.42275215159879037,0.4190721248478531,0.41561872684130524,0.4124151042720767,0.40936045280841843,0.406352526446027,0.4034152649048994,0.4006271086589859,0.39802229377536275,0.3955131493699037,0.3930656727558492,0.39070177123498484,0.38847742331379914,0.3863765538597397,0.38435805269691814,0.38238003674588433,0.38042270977479226,0.3785510713981274,0.3767140635836397,0.37486460685335454
-0.090,0.9900767608209351,0.998562768499471,0.9998990705028004,1.0,0.9999477816374059,0.9997783759722194,0.9990470806254131,0.9967951666403153,0.9939060931417625,0.9909363267017283,0.9880841115942245,0.9853959501395617,0.9820072882284298,0.9771838211502109,0.9713617229639355,0.9652754650507901,0.9592025018453207,0.9530338322680613,0.9462544720308657,0.9386724991192013,0.9306676892726671,0.922419912110934,0.9139985522900267,0.9052882891349581,0.8961739082674672,0.8865551608568847,0.876799345134016,0.8671207168878531,0.8572724769244584,0.8471917022308806,0.8368177534724577,0.8261984428601157,0.815463887148128,0.8048452437125004,0.7942024718836713,0.7833944599309497,0.7725009020134801,0.7616323402901842,0.7507901613682638,0.7400109279353287,0.7294698789063437,0.7188755047655304,0.7081627692619569,0.6974175806684279,0.6868856643405037,0.6766085857397549,0.6665667481321241,0.6566066438840663,0.6467098258192611,0.6368133303526544,0.6271907128259743,0.6178076672943063,0.6085798192708624,0.5994526663631665,0.5904624606578902,0.5818018395474176,0.5734580782725216,0.5651807043096663,0.5569913213418283,0.5490331825790608,0.5413366172138445,0.5339306682113185,0.5268067463773604,0.5198442498775324,0.5128760567150289,0.5060937832044123,0.4996270121685676,0.49335191312388726,0.4872583086046227,0.48146087590671355,0.4759006606592646,0.47051651901456304,0.4653278410012721,0.4601741054419547,0.4551527114418084,0.45033965968597023,0.4457705612597977,0.44147880551678503,0.437367734469209,0.4334197173603689,0.4295234753731389,0.4256950770939598,0.42198030705674905,0.41849240488069633,0.4152547650371889,0.41216793164226334,0.40912883192731336,0.40616100724892007,0.4033422646385638,0.4007071681818434,0.39816912548549943,0.39569251386916743,0.39329902591855864,0.3910453922108576,0.3889164499269117,0.3868714574877661,0.38486794670134233,0.3828857125620072,0.3809892899178943,0.3791279886957942,0.377255273055772
-0.120,0.9892428305623328,0.998172867201672,0.999730632535843,0.9999477816374059,1.0,0.9999289648841105,0.9992940537974057,0.9972157209565314,0.9944754950512373,0.9916220849105237,0.9888735272051002,0.9862820031831252,0.982986763065167,0.9782498247397066,0.9725064039338751,0.9664801805925786,0.9604653601353068,0.9543567542428891,0.9476253871574479,0.9400799921784608,0.9321021100283867,0.9238781046561252,0.9154814176031109,0.9067925304500875,0.8976873376528368,0.8880660388017863,0.8783007069289689,0.8686131684700926,0.8587592049529076,0.8486686561545791,0.8382774478851636,0.8276335537772705,0.8168706162960527,0.8062252351830994,0.7955554583747069,0.7847156782318229,0.773786517977348,0.7628789147892125,0.7519987210543826,0.7411807683296727,0.7305995613652371,0.7199634694507464,0.7092088986761714,0.6984222890096957,0.6878490561803544,0.6775301896390641,0.6674441286193739,0.6574388796677766,0.647498826205415,0.6375623486574221,0.627900771588111,0.6184782298644836,0.6092104668475988,0.6000433662591939,0.5910145359695405,0.5823168010663381,0.5739386967551294,0.5656277496006813,0.5574036642839298,0.5494105346844325,0.5416807141554881,0.5342445398054629,0.5270937498404262,0.5201043353716024,0.513108379631481,0.5062986868615872,0.49980591022172655,0.49350721376223367,0.487391788597921,0.4815730884922369,0.47599115074443693,0.47058596917933515,0.4653781550031561,0.46020791043101844,0.45517045711596793,0.4503403538284539,0.4457536137721159,0.4414457878589235,0.4373206105157209,0.4333602624748691,0.42945115565517283,0.42560977475588896,0.421882346318132,0.4183826013248071,0.41513372049772285,0.41203620656317363,0.40898674954394487,0.40600839796829086,0.40317923192721694,0.4005343883942607,0.3979877391760977,0.3955023862233016,0.3930990797660301,0.39083571504214043,0.3886974638560314,0.3866444542688405,0.3846338728229762,0.3826447582227051,0.3807410658187871,0.3788726160749889,0.37699391540683913
-0.150,0.9886867126549695,0.9978412268620257,0.9994927325418101,0.9997783759722194,0.9999289648841105,1.0,0.9994528581637718,0.9974324958810024,0.9947488326894145,0.9919409090304151,0.9892576177509893,0.9867440169201612,0.9835113246228432,0.9787957126917685,0.9730598840025307,0.9670322685895774,0.9610327986658431,0.9549505686666365,0.948225286194633,0.9406662714832088,0.932664171083812,0.9244176282093788,0.9160106578388119,0.9073073867412391,0.8981713667173914,0.8885075293237287,0.8786947051121873,0.8689660432687064,0.8590780997574585,0.8489469466874273,0.8385073304600178,0.8278096261473538,0.816991009831278,0.8062964128449024,0.7955782026717925,0.7846840682279635,0.7736970219549727,0.7627291350994491,0.751792699125733,0.7409219634177915,0.730287760127315,0.7195962606552513,0.7087861034437697,0.6979435708151142,0.6873165489286053,0.6769470718228453,0.666810361049762,0.6567535356357616,0.6467639878694671,0.6367805669120494,0.6270743450059154,0.6176077035949339,0.6082965624351747,0.599086230671107,0.5900170879809381,0.5812818705667921,0.5728691527162637,0.5645253554660529,0.5562673603041084,0.5482396880300148,0.5404778609445909,0.5330137084138512,0.525838678788683,0.5188259391291575,0.5118054910350104,0.5049724868485603,0.49845879414506156,0.49214179596830093,0.4860091242997436,0.48017302599147615,0.4745730441423994,0.46915197049120305,0.46393163455198333,0.458751912598001,0.45370501743410185,0.4488632875394029,0.44426402158079176,0.4399454889283807,0.4358125478839738,0.4318454223341426,0.4279284915155554,0.4240805594141948,0.42034724690197295,0.41684326048624976,0.41359052169420846,0.4104881953492427,0.4074336066835054,0.40445003274192504,0.40161688117220845,0.39896905429592755,0.3964197888021375,0.3939321349417511,0.3915258815601623,0.3892596236107245,0.3871184701948585,0.3850629281121369,0.38305037391214664,0.3810596997288034,0.37915440130456135,0.3772849660172982,0.3754064890837284
-0.180,0.9856598657569271,0.9963872437911734,0.998585440670668,0.9990470806254131,0.9992940537974057,0.9994528581637718,1.0,0.9987614274042369,0.9966038319931306,0.9941986610335958,0.9918462806548796,0.9896112260927817,0.9866487026814491,0.9822007461686219,0.9768227201859586,0.9711830450078822,0.9655623565529023,0.9597918021985239,0.9532877205980622,0.9459183500424874,0.9381304760825139,0.9301026133247718,0.9219129024876713,0.9133767475926209,0.9043594774476525,0.894803606859453,0.885103160758492,0.875474834687497,0.8656656763200496,0.855557077428017,0.8451123579681277,0.8344093981526027,0.8235936631869573,0.8128876518475712,0.802136165644067,0.7911880057295604,0.7801298571779356,0.7690797234936521,0.7580398935760343,0.7470588222550127,0.7363070735091946,0.7254998943369532,0.7145740123915194,0.7035998755246082,0.6928264356910212,0.6823023650465113,0.6720086599855245,0.6618007845366106,0.6516597457443289,0.641515894016657,0.631641093913119,0.6220055291241913,0.6125311890137157,0.6031611774046287,0.59392785891162,0.5850277060685417,0.5764485867010343,0.567947469726045,0.5595371004118748,0.5513549938494788,0.5434414578872844,0.5358289077581142,0.5285085618549987,0.5213589949377547,0.5142056357810642,0.5072406496725439,0.5006000811291031,0.49416186721969274,0.4879165513177233,0.48197443147594626,0.47627125986815466,0.47075448341796217,0.4654453481321383,0.4601791621519827,0.4550497452760529,0.4501325380194869,0.44546684715114343,0.44109181280028886,0.4369062981488737,0.43289010896303765,0.42892588951205673,0.42503547061134533,0.42126656131946943,0.41773522471137675,0.4144590741739403,0.41133492519588916,0.4082604429410424,0.40526123012179466,0.40241450870687195,0.39975526351116,0.39719663255413057,0.3947025373145057,0.3922935161141319,0.39002618512833576,0.38788674489639646,0.38583345000198555,0.3838241382742545,0.38183468729385184,0.3799306257877612,0.37806444812481843,0.37619040615112825
-0.210,0.9778863909262652,0.992181629051079,0.9958869723883038,0.9967951666403153,0.9972157209565314,0.9974324958810024,0.9987614274042369,1.0,0.9993574039095133,0.9980673552239019,0.9965736601249466,0.9950233668206381,0.9927822181080903,0.989248261442078,0.984825137621106,0.9801466451821715,0.9754603180564889,0.9705623062269138,0.9649304901556909,0.9583976243908883,0.9514012369088489,0.9440989177270018,0.9365794906409651,0.9286975477203645,0.920327851348428,0.9114164218989854,0.9023129253355446,0.8932228592424281,0.8839187013428081,0.8742632986764715,0.8642196488973615,0.8538951410932344,0.8434410787224831,0.8330685293094069,0.8226168249287865,0.8119302143251598,0.8011058729917038,0.7902439225106116,0.7793479311613621,0.7684774798718951,0.7578072555874215,0.7470695882355644,0.7361911361653114,0.7252350006435543,0.7144416618189228,0.7038605865017928,0.6934912705569245,0.6831873645761236,0.6729250692801765,0.6626366962609663,0.6526011219654936,0.6427956566347529,0.6331380249033316,0.6235582055642312,0.6140952695648026,0.604950022868341,0.5961163357833174,0.5873537177442344,0.5786739061277636,0.5702110477799421,0.5620119256187521,0.554109710437383,0.5464968384631117,0.539048762907688,0.5315985179086875,0.524336927121987,0.5174022316746486,0.5106684383597018,0.5041208538030207,0.4978867029582461,0.49189993734178916,0.4861049056768226,0.4805210936772357,0.4749837146966513,0.46958985793725827,0.4644178250858572,0.45950527079069925,0.4548875286605531,0.45046218993485,0.44621493713074595,0.4420289013760929,0.4379271607405863,0.4339567938866015,0.4302342982534252,0.42677313878359435,0.42346872642067585,0.4202204572917644,0.41705630541481314,0.41405338948403886,0.4112441679411552,0.4085429383472104,0.40591357035344106,0.40338008251618146,0.40099686441491994,0.3987459919667819,0.3965841038626618,0.39447145745404244,0.3923855771866896,0.3903901192670221,0.3884360562059107,0.3864765621870212
-0.240,0.9708641239877916,0.9877389321398937,0.9926368176379788,0.9939060931417625,0.9944754950512373,0.9947488326894145,0.9966038319931306,0.9993574039095133,1.0,0.9996351539522633,0.9988483456844334,0.9978603537779727,0.9961504149096028,0.993242211470649,0.9895949967101221,0.9857200462024889,0.9817855999171937,0.9775792869814555,0.9725914133896175,0.9666886142247709,0.9603323400596158,0.9536331559644882,0.9466773887659407,0.9393234967249493,0.9314576791330634,0.9230631331002829,0.9144505441037041,0.9058091870898238,0.89691718680559,0.8876357361316356,0.8779498970850069,0.867964700120549,0.8578349107439875,0.8477568319296904,0.8375702422950729,0.8271266734137235,0.8165300059101542,0.8058703392170713,0.7951451027550503,0.7844184412051323,0.7738746747828511,0.7632519823913504,0.7524697088820478,0.7415905878915645,0.730855705006554,0.720311938766198,0.7099629309583179,0.6996634198429372,0.6893880942772899,0.6790742376130325,0.6690012488399276,0.659147885011147,0.6494325232886174,0.6397808944689691,0.6302347891790363,0.6209952501209283,0.612054610118996,0.6031811779014636,0.5943854918950212,0.5857969040889505,0.5774675490502955,0.5694304406260077,0.5616778681036683,0.5540859067098644,0.5464889064202008,0.5390761718155863,0.5319880142033712,0.5250998656593204,0.5183954044810052,0.5120098890528408,0.5058709578385269,0.4999231403949176,0.49418530403117505,0.48849367848863967,0.48294934777059,0.47762892030380866,0.47257033388704406,0.46780976265359475,0.46324198287270224,0.4588536728852888,0.45452858971935034,0.4502921997779272,0.44619156528528686,0.4423423654572065,0.43875520163263726,0.4353266444843877,0.4319580334516105,0.42867595768897254,0.42555646531286107,0.4226322474672733,0.4198195230867402,0.41708125632006654,0.4144440331669306,0.4119604743749374,0.4096111051281974,0.40735030282510787,0.40514278189234576,0.4029653889749364,0.40087964267001563,0.39883479229372365,0.3967865200368124
-0.270,0.9648039454521598,0.9835843504659104,0.9893883964796718,0.9909363267017283,0.9916220849105237,0.9919409090304151,0.9941986610335958,0.9980673552239019,0.9996351539522633,1.0,0.9997718341588075,0.9992300809944369,0.99793958085908,0.9955170358309906,0.9924502871702638,0.9891859487753989,0.9858370093034824,0.9821738950874074,0.9776850015127239,0.9722609568218998,0.96638431908778,0.9601418783446031,0.9536186431646969,0.9466688513054666,0.9391847421920697,0.9311761939784552,0.9229283558814815,0.9146254134373657,0.906048536166518,0.8970491153016831,0.8876258016970344,0.8778875511596678,0.8679951241161319,0.8581366450459827,0.8481489193715344,0.837883332763567,0.8274527554804905,0.8169387825268769,0.8063352457685552,0.7957105037453827,0.7852555474584927,0.7747143751221686,0.7640010773695338,0.7531758666333825,0.7424790840607932,0.7319572765076591,0.7216194087453847,0.7113211642747496,0.7010325944419765,0.6906942527573725,0.6805887354731691,0.6706967304021134,0.6609382500422015,0.6512329826158499,0.6416228826485174,0.6323104698706286,0.6232885239655345,0.6143324942604813,0.6054515578534927,0.5967705267167787,0.5883449290188298,0.5802082767004305,0.5723533390582229,0.5646567459026586,0.556954352327189,0.549433222754101,0.5422350107399878,0.5352358027532486,0.5284189380766591,0.5219255560056606,0.5156795075184938,0.5096245316107696,0.5037785903942177,0.497978628127168,0.4923286222562749,0.48690533056256524,0.48174641320909073,0.47688798536581767,0.472222112656056,0.46773676110856405,0.4633165953693214,0.4589883935612067,0.45479950532110586,0.4508648670328104,0.4471929965964095,0.4436813127781804,0.44023137566028325,0.4368702965587964,0.4336729550844037,0.430671722464187,0.42778483635367937,0.4249744501433356,0.4222685029374878,0.4197184648993087,0.4173039929092057,0.41497799068799635,0.4127080460552472,0.41047031626231767,0.40832508356003155,0.40622107940011165,0.4041149090994233
-0.300,0.9595724352987026,0.9798201742023441,0.9863195569144768,0.9880841115942245,0.9888735272051002,0.9892576177509893,0.9918462806548796,0.9965736601249466,0.9988483456844334,0.9997718341588075,1.0,0.9998312477313033,0.9988853786270896,0.996846789494422,0.9942356954932331,0.9914471409924316,0.98856343588096,0.985338653257894,0.9812476513386992,0.9761998346336501,0.9706978265502374,0.9648103224494292,0.9586263795938195,0.9519925012252785,0.9448032371419726,0.9370910666788255,0.9291228461757574,0.9210786391167333,0.9127425780235878,0.9039566738621486,0.894731952301864,0.8851788627542428,0.8754633759156729,0.8657682994446445,0.855927563229824,0.8457908217893759,0.83547999283669,0.8250694324409866,0.8145508512310766,0.8039969006754032,0.7936023932223951,0.7831155863754266,0.7724457770616839,0.7616517645064796,0.7509742911575602,0.7404606384157314,0.7301234609927316,0.7198177633738461,0.7095100491844457,0.6991434809255228,0.6890034982062888,0.6790738670677468,0.6692747482558035,0.6595204451151464,0.6498532864446059,0.6404769302522553,0.631385771353872,0.622360007398842,0.6134070550249257,0.6046479966610452,0.596142313249837,0.587923612734863,0.579984949528374,0.5722032776190107,0.5644149447076474,0.5568063716841619,0.5495197562224167,0.5424319469855042,0.5355254615777528,0.5289460794878935,0.5226148024437341,0.5164752551690128,0.510544739165524,0.5046606423290704,0.4989286640273907,0.49342518452450845,0.48818783259008386,0.48325339267775436,0.4785119482494236,0.4739520015491582,0.4694581956792535,0.4650599807469794,0.4608042022120455,0.4568053919185856,0.45306989794884484,0.449495057944645,0.445983365550668,0.4425623112221407,0.4393062150973846,0.4362468765496516,0.4333040224163256,0.43043981638081974,0.427683011118576,0.42508383654776083,0.4226209143425519,0.4202461195549731,0.4179296220401337,0.4156471703358727,0.41345774708593463,0.41130989192129974,0.409161274098497
-0.330,0.9549629877196945,0.9763920356972742,0.9834517973107821,0.9853959501395617,0.9862820031831252,0.9867440169201612,0.9896112260927817,0.9950233668206381,0.9978603537779727,0.9992300809944369,0.9998312477313033,1.0,0.9993458449508882,0.9976147271960999,0.9953677824779738,0.9929593078918801,0.9904546979748677,0.9876144554777337,0.9838404305738213,0.9790867914373801,0.9738776630656379,0.9682680507802031,0.962366201276764,0.9559845823511108,0.9490221740284532,0.9415336501922171,0.933775017240057,0.9259292524457227,0.9177828955230715,0.9091516958692907,0.9000688517247422,0.890648838264604,0.8810610365281307,0.8714880450297878,0.8617527503716045,0.8517014908656679,0.8414669534191874,0.8311217971999098,0.8206588978659161,0.8101528439851214,0.7997966662525419,0.7893408301063628,0.7786909180449938,0.7679080471834338,0.7572371841548028,0.7467235806588197,0.7363805156891226,0.7260621749657025,0.715731201595126,0.7053337071383021,0.6951618783276802,0.6851985180331454,0.6753628966746752,0.665565336230416,0.6558481433443766,0.6464156562632639,0.6372670714292683,0.6281852755048941,0.6191740691987935,0.6103502553801556,0.6017773038672999,0.5934907292193174,0.5854834377688383,0.5776338884566105,0.5697783398072412,0.5621003641209013,0.554742596363723,0.5475826736692467,0.5406024935212854,0.5339537850128226,0.5275560990632745,0.5213504288737986,0.5153529996212843,0.5094022491200597,0.5036038767955098,0.4980366041861576,0.49273814951347206,0.48774393583389364,0.48294223345846005,0.47832210320868734,0.473769059797552,0.4693158031848068,0.46500817135032696,0.4609598273606015,0.45717375133854776,0.45354725906252064,0.44998535950237917,0.446516593029309,0.4432138064727436,0.440108606637222,0.43712124115304407,0.4342132084923054,0.4314150118557423,0.4287757341951083,0.4262737549315322,0.42385944895841215,0.4215050116916343,0.4191859491544051,0.4169603148090325,0.41477650855712933,0.4125933985321431
-0.360,0.9493027921834298,0.97216180984994,0.9798654661200331,0.9820072882284298,0.982986763065167,0.9835113246228432,0.9866487026814491,0.9927822181080903,0.9961504149096028,0.99793958085908,0.9988853786270896,0.9993458449508882,1.0,0.9987429748470499,0.9968213175647711,0.9947250778174922,0.9925167165806091,0.9900646625260119,0.9870103191824268,0.9827767026427214,0.9778721856118602,0.9725164668175518,0.9668544229445254,0.960819263242754,0.9542433913082946,0.9470746160721942,0.9395541174445745,0.9319113159688961,0.923970013821137,0.9155735460740596,0.9066635131506926,0.8973847236764299,0.887925931737212,0.8784855532939222,0.8688720179871655,0.8589420072147123,0.848779090488867,0.8384962563813557,0.8280953360342167,0.8176303081131746,0.8073032496787231,0.7968741015546749,0.7862421350359724,0.7754958532964243,0.7648505362367105,0.754333547914947,0.7439693021902393,0.7336206876604011,0.7232679833691412,0.7128575869819009,0.7026654508861085,0.6926749809518417,0.682801338118023,0.6729684801677618,0.6632165623266152,0.6537337346887839,0.6445231462003375,0.6353683763707276,0.626303226060085,0.617426086020718,0.608796576301784,0.6004492802990434,0.5923639688981003,0.5844255750208729,0.5764877255733183,0.5687295923740081,0.5612943526163046,0.5540559287935033,0.5469785541097311,0.5402196960469084,0.5337122941043074,0.5274014472220172,0.5213064789783535,0.5152588216283,0.5093555150858294,0.5036728918135929,0.49825083846510265,0.49313434825781877,0.48821467708845895,0.4834791711765523,0.4788133057416745,0.47424540054879966,0.46982367289358634,0.465655535426672,0.46174672688633717,0.45799841925956347,0.45431611180954345,0.45073245737527434,0.44731882766247355,0.44410435737037735,0.44100288858027414,0.4379827814529293,0.4350777600069987,0.4323365195564672,0.42973831820526,0.42722662447680465,0.42477384090100334,0.42235422909935877,0.42003252335195723,0.4177594918783071,0.41549335739186244
-0.390,0.941612174833716,0.9662936330483879,0.9748060504194467,0.9771838211502109,0.9782498247397066,0.9787957126917685,0.9822007461686219,0.989248261442078,0.993242211470649,0.9955170358309906,0.996846789494422,0.9976147271960999,0.9987429748470499,1.0,0.9988860687517146,0.9971862926404013,0.9953199985838656,0.993158388406547,0.9905747956220241,0.9873259134220087,0.9832809137552658,0.9786002392904203,0.9733355631634728,0.9676138081064947,0.9615480636740438,0.9548334415630313,0.947713939612349,0.9404720695995656,0.9329314561535337,0.9249770203691473,0.916486902770505,0.9074686851712189,0.8982462760803324,0.8890200060119566,0.8796496863220353,0.8699692857440839,0.859983648428383,0.8498415625362468,0.8395855080063579,0.8292761574546856,0.8190616292300202,0.808672232029492,0.7980552766756234,0.7873147028715787,0.7766935275516413,0.766218839723606,0.7558569086623201,0.7454713473052624,0.735052015971199,0.7245793071370629,0.7143090414342728,0.7042261198434951,0.6942585601692891,0.6843219745629293,0.6744569772561355,0.6648628387341278,0.6555508321828409,0.6462849024780294,0.6370799598408298,0.6280562522011249,0.6192786583856,0.6108058156585913,0.6026074126874527,0.5945362114250907,0.5864360100689482,0.5785186918436436,0.5709351234167999,0.5635603504971003,0.5563595630336395,0.5494630814827153,0.5428025605192646,0.5363334258703965,0.5300869867673602,0.5238904767850519,0.5178510706180292,0.5120386351718309,0.5064714742678593,0.5012095199370808,0.4961421800638523,0.49126457120681605,0.4864655066465212,0.48176307027525184,0.47720504220711407,0.4729008996533692,0.4688655734668626,0.4649945945640691,0.4611996475221415,0.45750721042621517,0.45398685569532793,0.4506624985437406,0.44744657941304933,0.4443196580959779,0.4413162945160654,0.4384842562123751,0.43579896128224016,0.43320065515621264,0.4306597776336211,0.4281606214164884,0.42577087258972823,0.4234338081026968,0.42110724367742725
-0.420,0.9327827873783108,0.9593709752695205,0.9687451655702237,0.9713617229639355,0.9725064039338751,0.9730598840025307,0.9768227201859586,0.984825137621106,0.9895949967101221,0.9924502871702638,0.9942356954932331,0.9953677824779738,0.9968213175647711,0.9988860687517146,1.0,0.9991697060947056,0.9978128676725865,0.9960765275308824,0.9938565595749971,0.9910740221203096,0.9877332199123618,0.9839501775475783,0.9796256573666869,0.9745399459714194,0.9688789880218445,0.9625991416721896,0.9559631463665194,0.9491633117475298,0.9420599646180475,0.934552810720219,0.9265278956775361,0.9179942196496395,0.9091535402070708,0.9002283415316105,0.8911328135626404,0.8817038316796386,0.8719637634137907,0.8620413133293651,0.8520055112258668,0.8419212888528014,0.831899329626319,0.8216615727665578,0.8111585640368769,0.8004916860982497,0.7899086207396124,0.7794702866542976,0.7691490098774316,0.7588010306410531,0.7484019658291979,0.7379294432339685,0.7276365644248245,0.717501145853576,0.7074544650873317,0.6974246294969455,0.6874617446790106,0.6777687276258443,0.6683530311584299,0.658981319435701,0.649666198081346,0.6405250171646891,0.6316241487788928,0.6230137942939926,0.6146683772652582,0.6064498532242364,0.5982027967421036,0.5901438872437375,0.5824254228426756,0.5749182118990839,0.5675882450467536,0.5605514141860877,0.5537445635101683,0.5471335969691349,0.540747521564937,0.5344173997404384,0.5282445414490722,0.5223061461398534,0.5166203957694249,0.5112434568416415,0.5060621403917218,0.5010671266991512,0.4961544316090754,0.49133991361206536,0.4866686741977183,0.4822515768480302,0.47810840254056997,0.47414255784710724,0.4702679665307234,0.4664988256813987,0.4628992672157008,0.45949293205235875,0.4561994387855051,0.45299518503974623,0.4499139636411496,0.44700705354925385,0.4442536103992584,0.441593395958985,0.4389908795811118,0.4364320204738277,0.4339870719799026,0.43159998027195084,0.42922385009053593
-0.450,0.9239583090116091,0.9522826929484212,0.9624495216247568,0.9652754650507901,0.9664801805925786,0.9670322685895774,0.9711830450078822,0.9801466451821715,0.9857200462024889,0.9891859487753989,0.9914471409924316,0.9929593078918801,0.9947250778174922,0.9971862926404013,0.9991697060947056,1.0,0.9994469471675848,0.9982828072866978,0.9965227794253264,0.9941775648587953,0.9913444442174224,0.9881152388613815,0.9844870400710183,0.9802482061804269,0.9752449216755219,0.969500098994047,0.9633632992938183,0.9570085720922902,0.9503172994523104,0.9432040025071022,0.9355962050391461,0.927517751338452,0.9191188238215933,0.9105826085216118,0.9018299539943013,0.8926976942368567,0.8832407238454895,0.8735870763122869,0.863797168536904,0.8539345785774473,0.8441110533384674,0.83406183655526,0.8237322700192542,0.8132299094033384,0.8027877411239737,0.7924446077375384,0.7821951292676852,0.7719038911373615,0.7615452097692977,0.7511100243715572,0.7408540115642421,0.7307399877031185,0.7206878882219726,0.7106311464954312,0.7006429351433555,0.6909136627352596,0.6814501849854537,0.6720138793007658,0.6626172918485932,0.6533876008296142,0.6443958810700181,0.6356961702580671,0.6272609238034982,0.618942927912272,0.6105885289201686,0.6024094292362587,0.5945646210192197,0.586940364363914,0.5794937035155177,0.5723319469262226,0.5653981187201492,0.5586593224945,0.5521449578180909,0.5456882828376008,0.5393849809986738,0.5333127492635997,0.5274962439591617,0.5219927268864568,0.516693138902649,0.5115794981253499,0.5065472869670928,0.5016200956668656,0.4968352688639152,0.4923076858253846,0.48805135404811484,0.48396718860823457,0.4799802507836854,0.4761062084465207,0.47241492160763454,0.4689237169609337,0.465541945501892,0.4622453954131726,0.4590699718023664,0.45607069222252683,0.45322762120445165,0.4504812489414924,0.44779909673653284,0.4451627850181467,0.44264059681764045,0.4401795463002617,0.4377317020357613
-0.480,0.9155487059407216,0.9453559068584761,0.9561977429228032,0.9592025018453207,0.9604653601353068,0.9610327986658431,0.9655623565529023,0.9754603180564889,0.9817855999171937,0.9858370093034824,0.98856343588096,0.9904546979748677,0.9925167165806091,0.9953199985838656,0.9978128676725865,0.9994469471675848,1.0,0.9995462171516988,0.9983164373391618,0.9964602805525676,0.9941423270162199,0.9914150949944307,0.988290851888718,0.9845820898149548,0.980150882365602,0.9749641999333118,0.9693744296720578,0.9634943685017631,0.9572327386106997,0.9504873593386273,0.9432241242462387,0.9355185278376893,0.9275015156796035,0.9193249047882222,0.9109020963579842,0.9020643048916835,0.892879399187338,0.8834699298190335,0.8739113623558632,0.8642636294762255,0.854628984652381,0.8447568079461278,0.8345881725428397,0.8242343628429659,0.8139215067411868,0.8036856100859913,0.7935257580893899,0.7833066126798987,0.7730034973771802,0.762604600175107,0.7523717199039821,0.7422752463006039,0.7322304224667515,0.7221738210968484,0.7121709024233429,0.7024125006536683,0.6929082577996262,0.6834257308364413,0.6739747664356076,0.6646771202654577,0.6556055723538797,0.6468132486218435,0.638280777972276,0.6298688003920279,0.6214211043943599,0.6131453419358828,0.6051918176578213,0.5974517100203585,0.5898935535694305,0.5826168245519763,0.5755671620116862,0.5687120349430586,0.5620768935539816,0.555501793431126,0.5490872997084998,0.5429033722470008,0.536977371781424,0.5313643059955211,0.5259536391124963,0.5207336358080472,0.5155979768561169,0.5105691155172452,0.5056934007210114,0.501079321963898,0.49673784611648375,0.49256924642825156,0.4884944537769171,0.4845304501968354,0.48075302912805445,0.4771828341089437,0.47372774847757054,0.470360849556955,0.4671166557138157,0.4640505505154567,0.4611431257563242,0.458330409929172,0.45558183377795947,0.45288034111979564,0.45029646324377637,0.4477759779120146,0.4452699846559948
-0.510,0.9072728267194189,0.938406928059948,0.9498628841045363,0.9530338322680613,0.9543567542428891,0.9549505686666365,0.9597918021985239,0.9705623062269138,0.9775792869814555,0.9821738950874074,0.985338653257894,0.9876144554777337,0.9900646625260119,0.993158388406547,0.9960765275308824,0.9982828072866978,0.9995462171516988,1.0,0.9993415805899497,0.9979512572955195,0.9961122287706016,0.9938462552154415,0.9912078568194772,0.9880555966105176,0.9840904195668776,0.9793669406061853,0.9742429242681204,0.9687999969123724,0.9629754452832249,0.9566175665847044,0.9496879191697121,0.9423083926760895,0.9346199685347778,0.9267694753947229,0.9186468564921004,0.9100821945773959,0.9011449938143375,0.8919573777650686,0.8826105549376337,0.8731634629816237,0.8637147811645405,0.8540195000059698,0.8440077270788918,0.8337849551575139,0.8235868054754344,0.8134493316236773,0.8033822747380606,0.7932511241180291,0.7830149662220389,0.7726624119031567,0.7624616661476319,0.7523957120639538,0.7423758300303779,0.7323325356838293,0.7223243621857287,0.7125408794290679,0.7030052150390823,0.6934971611081208,0.6840174109860743,0.6746744909346115,0.6655456629043662,0.656682832890533,0.6480704246845668,0.6395852701505501,0.6310662101047433,0.6227109488441863,0.6146681623218263,0.6068357225721693,0.5991765320727376,0.5918016471152031,0.5846611823937443,0.5777139790547575,0.5709816556823437,0.5643043770918811,0.5577836953197692,0.5514960846278425,0.5454762006853033,0.539770694618106,0.5342638035042584,0.5289484124895925,0.5237169257659463,0.5185949924165931,0.5136311054283721,0.5089292114159246,0.5045016150063526,0.5002495853986898,0.49608815103076764,0.4920385493972489,0.4881749929449218,0.4845205394232474,0.4809845017411525,0.47753958496034626,0.47421989402994896,0.4710774251454347,0.46809524352739357,0.46520924944623726,0.4623903339109855,0.4596210943253305,0.4569697547024553,0.4543812135982088,0.4518081691827348
-0.540,0.8984029310100833,0.930858257016443,0.9429230609628947,0.9462544720308657,0.9476253871574479,0.948225286194633,0.9532877205980622,0.9649304901556909,0.9725914133896175,0.9776850015127239,0.9812476513386992,0.9838404305738213,0.9870103191824268,0.9905747956220241,0.9938565595749971,0.9965227794253264,0.9983164373391618,0.9993415805899497,1.0,0.9992172497858217,0.9978193141419104,0.995966193322156,0.9937166189018942,0.9910964156450315,0.9879192032457129,0.9837708167774022,0.9791010520512048,0.9740520562111048,0.9686201390940135,0.962748941153494,0.9562601189637577,0.9492565053864914,0.9419037362476961,0.9343841426301821,0.9266141470481118,0.9183704712061487,0.9097038629013648,0.9007700700509261,0.8916412194777449,0.8824187446721868,0.8731901309525152,0.8636825362181298,0.8538320907902053,0.8437621427293929,0.8336963128506815,0.8236744747106878,0.8137039242493869,0.8036539806580034,0.7934953302630162,0.7832182744491581,0.7730836559297488,0.7630686877904586,0.7530816604192098,0.743059785303262,0.7330688330893554,0.7232949707093606,0.7137624965353164,0.7042481443986918,0.694759889643877,0.685396849197659,0.676238796983091,0.6673351090521753,0.6586701321570932,0.6501351895873939,0.6415659450334197,0.633151041536668,0.6250435429774018,0.6171345241866557,0.6093921242124464,0.6019319866129055,0.5947063659424096,0.5876686559023756,0.5808419545921216,0.5740635538293745,0.5674347861315392,0.5610389431933548,0.5549083531061767,0.5490900911386387,0.543464565933514,0.538025795253011,0.5326726474120098,0.5274285190638948,0.5223469249862109,0.5175231301419255,0.5129629738862316,0.5085776779626102,0.5042902777488043,0.5001217712348138,0.4961407032289561,0.49236588486314514,0.4887071322186078,0.4851341421033016,0.48169430377970274,0.4784367842444138,0.47534210309726715,0.47234332134307444,0.4694118638598441,0.4665277999612935,0.4637627340297939,0.4610669649321596,0.45838934336070225
-0.570,0.8887435435434031,0.9225137464862904,0.9351875989218663,0.9386724991192013,0.9400799921784608,0.9406662714832088,0.9459183500424874,0.9583976243908883,0.9666886142247709,0.9722609568218998,0.9761998346336501,0.9790867914373801,0.9827767026427214,0.9873259134220087,0.9910740221203096,0.9941775648587953,0.9964602805525676,0.9979512572955195,0.9992172497858217,1.0,0.999269151094168,0.9978790739669674,0.9960507670873844,0.9938079243187599,0.9912205469265839,0.9879635631661854,0.9839960588968453,0.9794627646115401,0.9744329830057434,0.96897327153136,0.9630044955346304,0.956463702450584,0.9495265732475144,0.9423897700527697,0.9349933981889832,0.9271454830446016,0.9188249004458381,0.9101747762201582,0.9012872600377242,0.8923030855481484,0.8833144339989841,0.874029391935895,0.8643683821245266,0.8544700693674944,0.8445660322466877,0.8346876898798848,0.8248213923608334,0.8148474886002098,0.8047428861884931,0.7945253728845597,0.784451468835623,0.7744829418753237,0.7645255449943028,0.7545030549514151,0.7444890176337371,0.7346806323914056,0.7251094185918563,0.7155612154955923,0.7060357621211872,0.6966217877353225,0.6874044640942342,0.6784388379087661,0.6697081160083128,0.6610831262697651,0.6524219368532439,0.6439135424331383,0.6357142896409599,0.6277183586729623,0.6198780425153024,0.612301644107609,0.6049570728598375,0.5977969026611684,0.5908485679212135,0.5839459380503381,0.5771950981891506,0.5706805008940973,0.5644192223436496,0.5584649613372036,0.5527044982849653,0.5471365030404817,0.5416581767764059,0.5362877698264441,0.5310709681057796,0.5261090910176066,0.5214196582420292,0.5169076466064427,0.5124921054476997,0.5081954556170515,0.5040893496544283,0.5001926267793247,0.4964127601291944,0.4927287943682548,0.4891841476754635,0.4858202527573434,0.48261869398040963,0.4795104858493538,0.4764717970718772,0.47348959113660244,0.47063599496933833,0.46785303027360625,0.4650904006024889
