,s1,-0.030,-0.060,-0.090,-0.120,-0.150,-0.180,-0.210,-0.240,-0.270,-0.300,-0.330,-0.360,-0.390,-0.420,-0.450,-0.480,-0.510,-0.540,-0.570,-0.600,-0.630,-0.660,-0.690,-0.720,-0.750,-0.780,-0.810,-0.840,-0.870,-0.900,-0.930,-0.960,-0.990,-1.020,-1.050,-1.080,-1.110,-1.140,-1.170,-1.200,-1.230,-1.260,-1.290,-1.320,-1.350,-1.380,-1.410,-1.440,-1.470,-1.500,-1.530,-1.560,-1.590,-1.620,-1.650,-1.680,-1.710,-1.740,-1.770,-1.800,-1.830,-1.860,-1.890,-1.920,-1.950,-1.980,-2.010,-2.040,-2.070,-2.100,-2.130,-2.160,-2.190,-2.220,-2.250,-2.280,-2.310,-2.340,-2.370,-2.400,-2.430,-2.460,-2.490,-2.520,-2.550,-2.580,-2.610,-2.640,-2.670,-2.700,-2.730,-2.760,-2.790,-2.820,-2.850,-2.880,-2.910,-2.940,-2.970,-3.000
s1,1.0,0.30600191338252797,0.30613627662749976,0.30626460226850566,0.3064327430136823,0.30662368125411094,0.30677862897734026,0.3068880161660843,0.3069920899107287,0.3071946182464644,0.3075392355158758,0.3079871587692348,0.3084514606501456,0.3088901121868168,0.30932558959029777,0.30980972381287647,0.31045691797655744,0.3112398107542025,0.31207353264494053,0.3128951956324889,0.31374404947692264,0.3146773302176205,0.31570499256240336,0.3168012823106155,0.3179652733986633,0.31917586208669585,0.32048146328253074,0.32187117881932975,0.32332312112981765,0.3248230520071403,0.3264433929585942,0.32817389540631015,0.3299592754174168,0.3318098125351737,0.3337204259533703,0.3357086736363281,0.33780304152372215,0.34000410235191647,0.342281005919026,0.3446779496042369,0.3471560615927176,0.3497685146629267,0.3524801024463125,0.3552190105417966,0.35799200318702806,0.3608266713140367,0.36382644351547283,0.3670276293745597,0.37036755810936683,0.37371929685202815,0.3770531061693083,0.3805118688724385,0.3841033156216364,0.3877750430661723,0.39158923776138427,0.3954908231914388,0.3993790493142663,0.4033043232564046,0.4074618111099334,0.41173722680109504,0.4160845404785435,0.42039014746038234,0.424619592900474,0.4287841890573557,0.43295555550980813,0.43722514984291183,0.44160896026611907,0.4461132430607255,0.4505112570632044,0.4548765770238039,0.4591332305193708,0.46320442798529216,0.4672306038906953,0.4713529750091654,0.47549614555766156,0.4796366043834038,0.4838282345180155,0.4880676314854913,0.49227869310246236,0.49636901525236093,0.5003067538896279,0.503903557199246,0.507090960602728,0.5100551282880917,0.5134324017652253,0.5177368194710402,0.5224216051288583,0.5270010729128921,0.5309071644223944,0.5338408739887487,0.5366234602647402,0.5396722442564513,0.5422138667299115,0.5441803763327671,0.5472433394605264,0.5513080320017458,0.5555710633611661,0.5594528352807422,0.5627560033646289,0.5641174607027934,-0.020735134614938547
-0.030,0.30600191338252797,1.0,0.9998530461775944,0.9994222868539466,0.9987148594733943,0.9977288865160767,0.996472216879824,0.9949528494248525,0.9931671343107381,0.9910988184023058,0.9887293497178576,0.9860554035471094,0.9830908388584555,0.9798566264496152,0.9763718389509978,0.9726508466667094,0.9686674637301943,0.9644117223384444,0.9598946624893923,0.9551106349914041,0.9500981354745881,0.9448555878227022,0.9393653875735588,0.9336558868349029,0.9277686002629534,0.9216857706657039,0.9154032765783838,0.9089364439268723,0.9022815274327213,0.8953990303107863,0.8883042318567803,0.8810209756104234,0.8736063527878489,0.8661337371850907,0.8586075198614247,0.8509660620159225,0.8431183443509418,0.8350504336882358,0.826816985661611,0.8185030908772299,0.8101597894959072,0.8017989650007438,0.7933734334736239,0.7848584583654207,0.7761890868479324,0.7674136715160506,0.7586703786379638,0.7499500378021072,0.7411622535633543,0.7322415611769038,0.7232300136056351,0.7142783030975477,0.7054286098804307,0.6965141952290937,0.6875009966148088,0.6785538687894567,0.6697409533764588,0.6609578377236067,0.6520741175704288,0.643049898984535,0.634088112888651,0.6252580354352345,0.6164927779302015,0.6079710228678391,0.5995319730822076,0.5911398922549914,0.5826154341747466,0.5739005246687273,0.5652118870993745,0.5569340125441429,0.5488840145655484,0.5408532039558642,0.5328127433414744,0.524821950522496,0.5170497128761082,0.5096402671491576,0.5019850631717446,0.4943298098025725,0.48670962740669244,0.4794029766087592,0.472545274785104,0.4656706552028735,0.4589021771502464,0.45226645927994424,0.44575349988925933,0.4395666813778718,0.43375482180880065,0.4281262478275099,0.42278296286245076,0.4168960439402379,0.4131054960242935,0.4103726753619034,0.40629398530722616,0.3987044882551355,0.38962639086556095,0.38533678208873695,0.3918309201326097,0.3960145303870188,0.39716061402415326,0.3865013763040046,-0.054711070509283616
-0.060,0.30613627662749976,0.9998530461775944,1.0,0.9998421796444056,0.9993874511110324,0.9986482616744389,0.9976387531957432,0.9963742771261954,0.9948607508603234,0.9930692079028476,0.9909640623267513,0.9885434230065872,0.9858237930581096,0.9828300533694179,0.979580706918327,0.9760882997570187,0.9723209162935034,0.9682740405196112,0.9639617419131606,0.9593778241694478,0.9545567199491397,0.9494951554870262,0.9441758350897014,0.9386264244632567,0.9328895228884027,0.9269494208464288,0.920797097084029,0.9144462900779237,0.9078980667058464,0.9011181339626066,0.8941210111202881,0.8869217355547595,0.8795806066467405,0.8721705178842641,0.8646948113766967,0.8570939800091057,0.849282684756,0.8412462065976485,0.8330320720520075,0.8247259025386952,0.8163862019885403,0.8080209389947576,0.7995867306789195,0.7910553123813343,0.7823619170161225,0.7735544526774093,0.7647683062730383,0.7560044629506192,0.747166459887006,0.7381948560028763,0.7291347737098793,0.7201238454012618,0.711209557542326,0.7022239636669825,0.6931353693916545,0.6841141201629354,0.675219086005208,0.6663497939287285,0.6573857455642635,0.6482855908223958,0.6392460011867362,0.6303234783187215,0.6214638459129835,0.6128466628715663,0.6043188929993887,0.5958374100565558,0.5872221029430074,0.5784058893597269,0.5696175637712416,0.5612471702767282,0.5531133828245458,0.5449976246617096,0.5368667103389739,0.5287732177213941,0.5208966557753469,0.5133968694234615,0.5056515412185366,0.4979056592155462,0.4901949209191662,0.48281313208384435,0.4758889958012034,0.4689314442387578,0.46208126897109186,0.4553456409910402,0.44870618894703096,0.44241728483592074,0.4365254203304548,0.4308421486905502,0.42546352401186965,0.4195268257833288,0.4156617010727022,0.41283200086048366,0.40867206571390824,0.40097320510575984,0.39179845939047164,0.3874893170858083,0.3939500417272566,0.39811431282553017,0.3992220675955878,0.3884447304584549,-0.055793703284165067
-0.090,0.30626460226850566,0.9994222868539466,0.9998421796444056,1.0,0.9998323181262343,0.999353885125099,0.9985925178889086,0.9975702117760009,0.9963092576322129,0.9947959603295063,0.9929749250202006,0.9908238340988147,0.9883621027906246,0.9856131365052196,0.982605320584876,0.9793529005681137,0.9758159161675979,0.9719868721263316,0.9678844745132247,0.963505073649073,0.9588846316076758,0.9540176803489385,0.9488820062924754,0.9435045281230444,0.937928298335446,0.9321409038707026,0.9261304265305448,0.9199055114491674,0.9134734643284421,0.9068029773774137,0.8999094075039474,0.89280532291352,0.8855464574887928,0.8782089630672457,0.870793526069235,0.8632410143263385,0.855470774949583,0.8474705967264717,0.8392816627442623,0.8309902100160005,0.8226598808264791,0.8142942659049259,0.8058559711440477,0.7973127664108955,0.7885986205172174,0.7797631574035194,0.7709387424589712,0.7621340879741103,0.7532482581755361,0.7442267186793176,0.7351197107035058,0.7260500999359248,0.7170731913546772,0.7080182188195283,0.6988563614516524,0.6897603055663122,0.6807830454271699,0.6718276070086503,0.6627855778259012,0.653607045300757,0.6444865080478791,0.6354725557610504,0.6265170536303768,0.6178056812332529,0.6091879058850125,0.6006104822717461,0.5919022360513069,0.5829854615628001,0.5740928735261037,0.5656295086336784,0.5574095371447177,0.5492051758332183,0.5409807990135372,0.5327816403330822,0.5247964531919386,0.5172017117656502,0.5093644753887795,0.5015269434791609,0.49372651022830133,0.48626601208849685,0.4792751610796978,0.4722339003332593,0.46530030043811416,0.4584577302650884,0.45168640317974096,0.44529274604640173,0.4393198063300259,0.43358188671353615,0.4281674427000601,0.4221815855161256,0.4182374572964762,0.41530783354795797,0.41106383729189444,0.40325183991364977,0.3939777738259406,0.3896491276955508,0.3960742162033116,0.400217179052567,0.4012845105745664,0.3903862431437292,-0.056900889816415993
-0.120,0.3064327430136823,0.9987148594733943,0.9993874511110324,0.9998323181262343,1.0,0.9998228455967536,0.9993277508279164,0.998552615681013,0.9975318550964039,0.9962730802035382,0.9947401496960449,0.9928794861439596,0.9906926200876596,0.9882032134789693,0.9854415170334676,0.9824326392586338,0.9791398132899466,0.9755452364354845,0.9716641945131573,0.9674949417294721,0.9630799444033482,0.958417036018313,0.953479143483806,0.9482867200058123,0.9428809288303406,0.937253251547044,0.9313956553833143,0.9253116357816625,0.9190081877779388,0.9124582639862108,0.905674982128315,0.8986747866988719,0.8915084873420083,0.884251958122687,0.8769068916368974,0.8694136910322707,0.8616917429770703,0.8537325277595245,0.8455770443015043,0.8373078160919848,0.8289950822926418,0.8206365637392606,0.8121995336361196,0.8036500300407732,0.7949180810630623,0.7860592705623688,0.7772008229782588,0.768357753520929,0.759430112450107,0.7503609950186753,0.7412114416448258,0.7320868946483392,0.7230462120897508,0.713923781259153,0.7046904744881284,0.6955193882019173,0.6864618427845423,0.6774185512617201,0.6683014332214705,0.6590491877174462,0.6498479330440367,0.6407469176599445,0.6316894489057234,0.6228816700958595,0.614173782546843,0.6054971701294175,0.596692874411105,0.5876763244663599,0.5786808436679081,0.5701237228718812,0.5618109277868549,0.5535138627216992,0.5451990711319369,0.5368940860501206,0.528798216229179,0.5211009215836676,0.5131693181227772,0.5052323705703244,0.4973403615983747,0.4897978721721907,0.48273864308348624,0.4756164639736709,0.46859662302518357,0.4616392874550345,0.45473666449599576,0.44823367122533814,0.44218000710902655,0.43638408239051973,0.43093504576132713,0.4248963858707231,0.42086901003025834,0.4178363850993224,0.41350567543059213,0.4055770517187083,0.39620043545444356,0.39185322591283656,0.3982397661358521,0.40236007481195313,0.4033853869065286,0.3923633275401881,-0.05809765622042585
-0.150,0.30662368125411094,0.9977288865160767,0.9986482616744389,0.999353885125099,0.9998228455967536,1.0,0.9998160433446404,0.9993092704236649,0.9985338281954119,0.9975156014062281,0.9962477176012662,0.9946859764731484,0.9927939876142942,0.9905830301262523,0.9880824712814691,0.9853196161555212,0.9822768084591165,0.9789323295226807,0.9752889534055977,0.971341225499422,0.9671390179665552,0.9626853139292366,0.9579561268550804,0.9529637906759592,0.9477412014352681,0.942284103771985,0.936589366128903,0.9306598855214033,0.9244998979294066,0.9180810972219609,0.9114180552462349,0.9045321852648125,0.8974673077196677,0.8903016139721053,0.8830366930469997,0.8756128254019975,0.8679528611532413,0.8600421208189615,0.8519291955828254,0.8436915889864192,0.8354004234536404,0.8270585472415193,0.8186285951934902,0.8100805153934343,0.8013392551057972,0.7924621146595148,0.7835768197416559,0.774696260241501,0.7657311371408122,0.7566204238435575,0.7474296198782763,0.7382540432202346,0.7291500013224553,0.719964643423919,0.7106654518856979,0.7014220141419293,0.6922828397278205,0.6831490539613648,0.6739566494009444,0.6646347813428441,0.6553544634895705,0.6461667705166279,0.6370084579022837,0.6281017759860156,0.6193045936535588,0.6105266406179535,0.6016223345437282,0.5925059229755684,0.5834134051133013,0.5747637179158159,0.5663549496359634,0.5579604907746205,0.5495439633032797,0.5411334721572937,0.5329295586625059,0.525124708808686,0.5170970364174287,0.5090586874572837,0.5010710704770877,0.49344483777603776,0.486310704928123,0.4791091661457413,0.47200080446599146,0.4649245416063848,0.45788785245508495,0.45128233603834433,0.4451439238688334,0.4392864453576986,0.433800098925967,0.4277013762990487,0.42358814053146926,0.42044886608833903,0.41602844948569184,0.40798022085875635,0.3984962112287299,0.3941314000957269,0.4004756774067549,0.40457224863816627,0.40555417780687314,0.3944055818646366,-0.059308773180630825
-0.180,0.30677862897734026,0.996472216879824,0.9976387531957432,0.9985925178889086,0.9993277508279164,0.9998160433446404,1.0,0.9998093926418543,0.9992995465391058,0.998524102666025,0.9975011397336175,0.996210991795478,0.9946210424127259,0.9927076122444846,0.9904879265788762,0.9879832510240822,0.9851903490187642,0.9821003486418906,0.9787078616964449,0.9749971128048383,0.9710172056419643,0.9667784643024755,0.9622619221836411,0.9574771557195996,0.9524502329515435,0.9471759116061741,0.9416546133383049,0.9358901879278605,0.9298849650268213,0.9236083420671317,0.9170753773585361,0.9103130048522378,0.9033614088816923,0.8962948900638523,0.889118690038513,0.8817723115334409,0.8741835817326502,0.8663313078390922,0.8582668445560844,0.8500702209896315,0.8418081358170286,0.8334920163575059,0.8250792656817526,0.8165391229559876,0.807796479824152,0.7989052590133304,0.7899982215714506,0.7810834365471917,0.7720838790731813,0.7629391914739261,0.7537110650383545,0.7444897690861517,0.7353253497210824,0.7260776849236372,0.7167188288936354,0.7074051448748083,0.6981859433460442,0.6889623758453894,0.6796897262642444,0.6703014145740035,0.6609446426843054,0.651669667726016,0.6424104346859288,0.6334036489769671,0.624515545615643,0.6156401236210314,0.606633239792814,0.5974140313950623,0.5882276554396163,0.5794859476337225,0.5709818573085077,0.5624884495174612,0.5539645018698646,0.5454400701321257,0.537133706618144,0.5292210662935233,0.521092891040512,0.512953548091362,0.5048682284254553,0.49715682241313314,0.4899431491677523,0.4826579048121865,0.4754562047057192,0.46826342758571043,0.4610901207084687,0.4543879618528636,0.44816134218092973,0.44223988224286587,0.43671068713099137,0.4305477105377397,0.4263464670547178,0.42309707295003496,0.4185837886229515,0.410412773864225,0.40081552250493635,0.3964333870084057,0.40273205539093365,0.40680344490280035,0.4077403576867821,0.3964625622094755,-0.06048551148692764
-0.210,0.3068880161660843,0.9949528494248525,0.9963742771261954,0.9975702117760009,0.998552615681013,0.9993092704236649,0.9998093926418543,1.0,0.9998061159524869,0.9992910308465085,0.9985115804645794,0.9974699459634141,0.9961569219333042,0.994550095364087,0.9926288504832145,0.9904022298804159,0.9878648464389741,0.9850277988953396,0.9818939315907771,0.978441132924757,0.9746960091198815,0.9706788486284585,0.9663784347936085,0.9618057060842196,0.9569853401409402,0.9519045537488424,0.9465686472869209,0.9409788390014696,0.9351357833405218,0.9290149103714651,0.9226264969426133,0.9159969866890871,0.9091698570249707,0.9022104520534779,0.895130784323865,0.8878702310806339,0.8803620037931648,0.8725792464243116,0.864571072543578,0.8564244469950713,0.8482017702061957,0.8399191751807336,0.831530087553014,0.8230035026809678,0.8142668011742478,0.8053672484087193,0.796446095876977,0.7875052874871464,0.7784736335096193,0.7692971220528547,0.7600348267857212,0.7507688006678792,0.7415516143834495,0.7322456906240655,0.7228283290507482,0.7134482601334831,0.7041514578225606,0.6948430412243491,0.6854892692977707,0.6760317943880029,0.66659781987211,0.6572347352585968,0.6478741519719969,0.6387656893568829,0.6297831711429359,0.6208143808284603,0.6117033796686915,0.6023808402623986,0.5930977534522419,0.5842609201109537,0.5756660758296941,0.56707569912285,0.5584427600716785,0.5497958834891638,0.5413859655913127,0.533368808759881,0.5251349486992317,0.5168935507586604,0.508703481960475,0.500906919737452,0.4936112267245666,0.4862374889131411,0.4789356803058884,0.4716292352698992,0.46431448831488603,0.45751417833866753,0.4511944862298106,0.4452079652667535,0.43963090063292337,0.43339941765177753,0.4291084203270478,0.4257470625816919,0.42113988567510574,0.4128453451116431,0.4031314973343156,0.3987314490443385,0.40498189166180154,0.40902631561195146,0.4099164601418128,0.39850748864211655,-0.06158406944879017
-0.240,0.3069920899107287,0.9931671343107381,0.9948607508603234,0.9963092576322129,0.9975318550964039,0.9985338281954119,0.9992995465391058,0.9998061159524869,1.0,0.9998040418754814,0.9992870247069213,0.9984917148238954,0.9974306113714487,0.9961009339334039,0.9944846373916869,0.992558776659793,0.9903003018110774,0.9877220519661152,0.98484738005542,0.9816592929579167,0.9781681364311078,0.9743841233911065,0.9703075640846944,0.9659521743144258,0.9613486703974177,0.956476356401852,0.9513340515480279,0.9459221970830378,0.9402486715279795,0.9342971524789478,0.9280727058055322,0.9215885981143893,0.9148925502184705,0.9080486653642005,0.9010729933978242,0.8939060580073939,0.8864866748232735,0.8787825397018665,0.8708410381310878,0.862752184416066,0.8545782493230416,0.8463350774598097,0.837975586837383,0.8294673928281621,0.8207406526615844,0.8118404197481245,0.8029078620712452,0.7939493894934363,0.784890874764338,0.7756842706485911,0.7663934770917727,0.7570858147846903,0.747822510611971,0.738462643376731,0.7289830169659716,0.7195368208095894,0.7101643018299717,0.7007766022846791,0.6913459309072875,0.6818170037345442,0.672304115984146,0.6628474880270392,0.6533890113527627,0.6441763950628044,0.6350973759007734,0.626035979657646,0.6168218885816449,0.6073937023982672,0.5980119265944227,0.5890730113383077,0.5803857414863574,0.5717017202432905,0.5629590188376324,0.5541884799170026,0.5456684226748724,0.5375499905083146,0.5292116015882479,0.5208679103177605,0.5125671500021352,0.5046850029391181,0.4973073406188866,0.4898412706976785,0.48243719082906866,0.47501465035517093,0.467553629679049,0.4606464119726053,0.4542306418675265,0.44817915814031295,0.4425523574577,0.43624824910108245,0.43186695613932713,0.4283941068499204,0.42369395571815266,0.4152789051390819,0.4054490811133141,0.40103064929995313,0.4072310280370952,0.4112468324252943,0.4120888837077713,0.4005481367658459,-0.06271681466273012
-0.270,0.3071946182464644,0.9910988184023058,0.9930692079028476,0.9947959603295063,0.9962730802035382,0.9975156014062281,0.998524102666025,0.9992910308465085,0.9998040418754814,1.0,0.9998015493352725,0.9992720690792923,0.9984611060713006,0.9973834016800758,0.9960443838830079,0.9944248766593085,0.9924685175712312,0.9901714732196804,0.9875616639709828,0.9846379142918797,0.9814122152934408,0.9778801181194504,0.9740418336073033,0.9699136810783483,0.9655332797125195,0.9608812668792565,0.9559461849486278,0.9507226817029392,0.9452314076060787,0.9394559366443679,0.9334048517990984,0.9270817492696619,0.9205280853420331,0.9138127422831841,0.9069502900960591,0.8998883745490168,0.8925650459802532,0.8849517109640936,0.8770884708875393,0.8690637910180379,0.8609499040521509,0.8527513157547231,0.8444285274509687,0.8359467394886606,0.8272325255643455,0.8183404483845065,0.8094019830154413,0.800435135336507,0.7913576649340114,0.7821221213709837,0.772805033117908,0.7634612256699875,0.7541542797634244,0.7447410690805708,0.7352027581817601,0.7256934357172277,0.7162477094138365,0.7067847023997472,0.6972787555255682,0.6876705488855002,0.6780808563329387,0.6685323194426734,0.6589811882583766,0.6496651358108492,0.6404874904271621,0.6313296438802727,0.6220167542672274,0.6124810405615181,0.602990031663835,0.5939487506295827,0.5851648414961879,0.5763820940464527,0.567528426472245,0.5586368815204177,0.5500021046215074,0.541780900269544,0.5333380857606079,0.5248863258555682,0.5164734565200421,0.5085037577913628,0.5010442876535333,0.4934822416450076,0.48597615462271226,0.47842833555427977,0.4708194943595763,0.46380548807407557,0.4572932715614838,0.4511766973116067,0.4454968793975505,0.4391162098648368,0.4346427094173982,0.4310581389892703,0.4262634504821189,0.4177275352945112,0.40778051095107903,0.4033451433286666,0.40949372476493817,0.41347976609532955,0.4142727969695406,0.40259986334237696,-0.06385017052859845
-0.300,0.3075392355158758,0.9887293497178576,0.9909640623267513,0.9929749250202006,0.9947401496960449,0.9962477176012662,0.9975011397336175,0.9985115804645794,0.9992870247069213,0.9998015493352725,1.0,0.9997973050131523,0.9992582485741571,0.9984339821236246,0.9973478231418932,0.9960046417949296,0.994360420398506,0.9923731436637898,0.9900503005477744,0.987397809223828,0.9844384254955293,0.981170789108262,0.9775903007324664,0.9737072647374062,0.9695566897215748,0.9651308191592037,0.9604148826952112,0.9553974164073862,0.9501042341492296,0.9445191488352583,0.9386494622456432,0.9324994143947705,0.9261025337193596,0.9195306999368453,0.9127983027747887,0.905852602005485,0.8986385970163621,0.8911265795093314,0.8833520162368597,0.8754019614426055,0.867357454831369,0.8592128698300713,0.8509351565319594,0.8424917101150833,0.8337997172832454,0.8249244604543916,0.8159902494266431,0.807023112965297,0.7979337562127509,0.7886753353992406,0.7793363905112018,0.7699609034709716,0.7606129504442289,0.7511490944252133,0.7415551951597682,0.7319888997382467,0.7224790579395173,0.7129402622511646,0.7033649518071953,0.6936789567016399,0.6840101745331286,0.6743728390768485,0.6647277143670425,0.655314661440386,0.6460355104853845,0.6367744089739948,0.6273668652064496,0.6177301264500183,0.6081237114201614,0.5989770738027491,0.5900925066690166,0.5812039511847289,0.5722438450099943,0.5632316109568355,0.5544747071491207,0.5461436836574738,0.5375912741394818,0.5290232621586133,0.5205009841509844,0.5124421374358817,0.5049012777517665,0.4972416228283692,0.4896311805664115,0.4819492667273495,0.47419357357630454,0.4670693076408022,0.4604608508909266,0.454281833412132,0.4485438762912045,0.4420772988196049,0.4375085366442562,0.43380979786340484,0.42891817574925634,0.4202583325179124,0.4101923433047839,0.40573956564914543,0.41183346137138194,0.41578861753562196,0.41653117903425574,0.40472365222058715,-0.06507754521661699
-0.330,0.3079871587692348,0.9860554035471094,0.9885434230065872,0.9908238340988147,0.9928794861439596,0.9946859764731484,0.996210991795478,0.9974699459634141,0.9984917148238954,0.9992720690792923,0.9997973050131523,1.0,0.9997942407573298,0.9992474448552879,0.9984175902808455,0.9973292614724483,0.9959715784251443,0.9943031648658066,0.9922927915231351,0.989928931169227,0.9872460546607957,0.9842513480677955,0.9809441681165421,0.9773249351249517,0.9734189964890697,0.9692251523113407,0.9647402858618708,0.9599431972153718,0.9548633308131268,0.9494827982307872,0.9438044387282224,0.9378409242250066,0.9316174512582168,0.9252040440841113,0.918616305496202,0.9118001271877663,0.9047100971883499,0.8973133224469975,0.8896424601205741,0.8817785341947294,0.8738124523356624,0.8657346811067357,0.857510823596781,0.849115401938905,0.8404630022670635,0.8316131032609066,0.8226926188076538,0.813730161680872,0.8046404398337355,0.7953692052538945,0.7860141399390638,0.776615372309696,0.7672273121064532,0.7577164136479988,0.7480706969838412,0.738451857026898,0.7288844142545555,0.7192711462788147,0.7096309230697467,0.6998750102481992,0.6901262779174555,0.6804041082308508,0.6706631270318509,0.6611551512327886,0.6517803593746154,0.6424168647986731,0.6329100763746252,0.6231749742443468,0.6134589914889536,0.6042048789101012,0.5952131751016316,0.5862144390915743,0.5771492738247018,0.5680206947490948,0.5591411519726132,0.5506898581324052,0.5420276053050801,0.5333430891054207,0.5247116695958006,0.5165610524435679,0.5089393360418069,0.5011803156661307,0.4934626748957069,0.48563646652966447,0.4777308701882713,0.4704957700103957,0.4637953531936251,0.4575542392114776,0.4517545140122928,0.44519136570983686,0.44052419056979825,0.43670822280212335,0.43171631592190574,0.42292916595435526,0.4127400363060577,0.4082706730092316,0.4143061036816562,0.41822929940756265,0.4189198942547648,0.40697438943028474,-0.06632188084554222
-0.360,0.3084514606501456,0.9830908388584555,0.9858237930581096,0.9883621027906246,0.9906926200876596,0.9927939876142942,0.9946210424127259,0.9961569219333042,0.9974306113714487,0.9984611060713006,0.9992582485741571,0.9997942407573298,1.0,0.9997918880502475,0.999243181465641,0.9984133051231165,0.9973176078938903,0.99594103544584,0.994247753794898,0.992195555197154,0.9898087949145035,0.9870988699754657,0.9840717636403348,0.9807261076285765,0.9770810382566661,0.9731326608361509,0.9688849977979854,0.9643220102949971,0.9594650795934967,0.9542996466381986,0.9488241913336011,0.9430551571269771,0.9370215172818581,0.9307824378420895,0.9243528814431783,0.9176773947956609,0.9107193425024019,0.9034522693685743,0.8958997049340496,0.8881356058346547,0.880251877431932,0.8722505165788034,0.8640962702670762,0.8557589337724244,0.8471596000670895,0.8383428266124677,0.8294432083803672,0.8204878347975588,0.8114026368162212,0.8021315600831006,0.7927689534637917,0.7833537714336894,0.7739356842296482,0.7643828996593669,0.7546920481319899,0.7450218673273977,0.7353928460867337,0.7257076899554848,0.7160044819681674,0.7061912191194114,0.6963656811010364,0.6865585756892231,0.6767216950429046,0.6671169094557317,0.6576499346521651,0.648188220686319,0.6385801985901818,0.6287402795641112,0.6189234590128925,0.6095662199317303,0.6004663664207124,0.591353851269175,0.5821741949159832,0.5729300307823271,0.5639332079448685,0.5553633093059593,0.5465851829935008,0.537786538826615,0.5290425176209822,0.5207946325927042,0.5130923621908673,0.5052303410640006,0.4974020631025592,0.4894299070638692,0.48136255891458263,0.4740258065592226,0.46723097279834397,0.46092277012504546,0.4550601908963269,0.4483948011414119,0.44362530461309274,0.43968786339979077,0.4345923893912612,0.42567294069923883,0.4153530041510785,0.4108664233276627,0.4168408119078888,0.4207305144063369,0.4213671032486042,0.4092792779718934,-0.06758233657468131
-0.390,0.3088901121868168,0.9798566264496152,0.9828300533694179,0.9856131365052196,0.9882032134789693,0.9905830301262523,0.9927076122444846,0.994550095364087,0.9961009339334039,0.9973834016800758,0.9984339821236246,0.9992474448552879,0.9997918880502475,1.0,0.9997907189248876,0.9992413685098714,0.9984063501730316,0.9972954190763449,0.9958988226972844,0.9941738032517196,0.9921043373418558,0.9896933472948386,0.986951116237581,0.9838822325000369,0.9805132017978057,0.9768300462295509,0.9728323402349577,0.9685117376007673,0.9638867045076331,0.9589478294896605,0.9536934165463733,0.9481298563056837,0.9422926832558134,0.9362381105264361,0.929981999751056,0.9234643802186908,0.9166515901168142,0.9095197433492762,0.9020974649011698,0.8944519428313661,0.8866643508108351,0.8787496327654061,0.8706717216496155,0.8624017840691115,0.8538646970352349,0.8450947495275957,0.8362230883795382,0.8272838669105981,0.8182088565226059,0.8089499644951723,0.7995902199985478,0.7901635973742459,0.7807240424542464,0.77113735222401,0.7614090538880292,0.751691541255633,0.7420027143773495,0.7322500342474202,0.7224836061519222,0.7126172226338326,0.7027230164781441,0.6928336990169214,0.6829043878031762,0.6731999040169458,0.6636411628364316,0.6540790364651381,0.6443686203376661,0.6344222105792171,0.624510608633906,0.6150513621851174,0.6058459972165763,0.5966218996097105,0.587317796120505,0.5779518155836606,0.5688401755412043,0.5601525660620439,0.5512544005732065,0.5423393312724,0.5334757717650577,0.5251274340107966,0.5173394967868116,0.5093723397130668,0.5014292312078279,0.49331395728538185,0.48507801486581453,0.47763606930606095,0.47074584723636526,0.4643588954107559,0.4584317576407316,0.4516667421293013,0.4467895874151971,0.4427270700890373,0.43752492558297196,0.42847017172950014,0.4180107282418503,0.41350403710549793,0.41941480086221516,0.4232686983605927,0.4238486489294844,0.4116142831287753,-0.06883219267783977
-0.420,0.30932558959029777,0.9763718389509978,0.979580706918327,0.982605320584876,0.9854415170334676,0.9880824712814691,0.9904879265788762,0.9926288504832145,0.9944846373916869,0.9960443838830079,0.9973478231418932,0.9984175902808455,0.999243181465641,0.9997907189248876,1.0,0.9997897152676217,0.9992341035285077,0.9983857796697703,0.9972601696385159,0.9958369540538342,0.994097050282504,0.9919994669100434,0.9895533614739239,0.9867681577659747,0.9836766952712496,0.9802748740620697,0.9765458580054907,0.9724751224324234,0.9680885531222692,0.9633843558794741,0.9583611693533836,0.9530201027024608,0.9473886373566996,0.9415278116277398,0.9354488356887504,0.9291028607533638,0.9224520412911105,0.9154651851687826,0.908180536652537,0.9006677975207514,0.8929943303233877,0.8851771533297597,0.8771826018352372,0.868982055773029,0.8605100425336626,0.8518006726964041,0.8429724484055264,0.8340632350076632,0.8250037777009853,0.8157613428207179,0.8064135415595741,0.796978012180353,0.7875233403193705,0.7779128587246783,0.7681537475890874,0.7583948047016675,0.7486475369002993,0.7388336717319842,0.7290072483868216,0.7190905044384297,0.7091335153570171,0.6991633499641373,0.6891440790171535,0.6793418389584187,0.6696900901711129,0.6600290756005398,0.6502102280221865,0.6401591836979349,0.6301539473561106,0.6205958436861754,0.6112911831921201,0.6019553373138686,0.5925251188119822,0.583028040106597,0.5738015942843038,0.5649977337562048,0.5559845194039548,0.5469539487423964,0.5379660042043581,0.5295134123481129,0.5216315598879693,0.5135568987635915,0.505495226062229,0.4972434759307317,0.4888439077016618,0.48129246332796444,0.4743031857715529,0.46783238668130245,0.4618333227531182,0.4549712558813918,0.4499838436269819,0.4457948218154608,0.44048291153468266,0.43129307341513073,0.4206896914714574,0.4161612401473374,0.4220049028825972,0.4258213069753254,0.42634336774323256,0.41396254830905066,-0.07007590486073884
-0.450,0.30980972381287647,0.9726508466667094,0.9760882997570187,0.9793529005681137,0.9824326392586338,0.9853196161555212,0.9879832510240822,0.9904022298804159,0.992558776659793,0.9944248766593085,0.9960046417949296,0.9973292614724483,0.9984133051231165,0.9992413685098714,0.9997897152676217,1.0,0.9997836240771283,0.9992168400573861,0.998357946734047,0.9972092734604782,0.9957709850510192,0.9939978202450096,0.9918681200848181,0.9893835874507322,0.9865738570460957,0.9834545119416404,0.9800088943983911,0.9762053245158239,0.9720703469254053,0.9676085989383558,0.9628266640072072,0.957720378648833,0.9523106352311657,0.9466526072771995,0.9407588739221138,0.9345910862978996,0.9281164645181856,0.9212936627097743,0.914158249046034,0.9067838394676564,0.8992413025218896,0.891538197389724,0.8836395177889792,0.8755163252966351,0.8671073465735818,0.8584664867524101,0.8496980439460942,0.8408333247623412,0.8317998681338536,0.8225737573831275,0.8132454993210451,0.8038122654194924,0.7943475936429634,0.7847202146952743,0.7749336668235449,0.7651412212790788,0.7553443613535201,0.7454757896739349,0.7355897452665252,0.7256198849355443,0.7156069889976194,0.7055594102127842,0.6954509617103211,0.6855521070270945,0.6758061317740777,0.6660480838317309,0.6561254886784095,0.6459716215766295,0.6358699643416901,0.6262094424333993,0.6168011151164435,0.6073514935403772,0.5978001002440231,0.5881705206595548,0.5788239844395887,0.5699026778889679,0.5607742321168552,0.551626059941366,0.5425160523848137,0.5339580668751465,0.5259811708052163,0.517799160131101,0.5096108265087134,0.5012077472862203,0.49264978736360343,0.4849894105989218,0.47789899770318384,0.47134352004447727,0.4652643348937414,0.45829947810644966,0.45320406957611364,0.44888846160552537,0.4434660103330217,0.43414238465948074,0.4233942173266722,0.41884403997986414,0.42461703530057665,0.4283943738420164,0.42885742104399655,0.4163304011586781,-0.07123611973989005
-0.480,0.31045691797655744,0.9686674637301943,0.9723209162935034,0.9758159161675979,0.9791398132899466,0.9822768084591165,0.9851903490187642,0.9878648464389741,0.9903003018110774,0.9924685175712312,0.994360420398506,0.9959715784251443,0.9973176078938903,0.9984063501730316,0.9992341035285077,0.9997836240771283,1.0,0.9997815254913732,0.9992099580372278,0.9983342976243927,0.9971684087469841,0.9956981548202257,0.9939000666860639,0.9917422240480386,0.9892393631805888,0.9864057726291113,0.9832453214620567,0.9797239850453505,0.9758626312602048,0.9716601893064313,0.9671261344044609,0.9622682361801053,0.957095027383292,0.9516572063942287,0.9459656620329219,0.939985671594504,0.9337015912198419,0.9270545206079287,0.9200829646983276,0.9128587841730303,0.9054570521722143,0.8978834257516745,0.8900955297671131,0.8820705011402865,0.8737374260482969,0.8651724002408071,0.8564788220248533,0.8476673260457991,0.8386715966570096,0.8294700945999915,0.820166464254345,0.8107501550919467,0.8012817054148536,0.79164306513321,0.7818374656243965,0.7720153562074479,0.7621845339685592,0.7522670036826387,0.7423294985063703,0.7323012058629147,0.7222296728091077,0.7121170300896507,0.7019263080508443,0.6919346884398365,0.6820961978815769,0.6722386456358658,0.6622204252396005,0.6519720408010614,0.6417700017602893,0.6320052515792864,0.6224865822863285,0.6129192818598117,0.6032460330169739,0.5934877970142237,0.5840157354676283,0.5749738570875828,0.5657275558959872,0.5564552806221839,0.5472238553630412,0.5385616954210855,0.5304849578222767,0.5221941548905265,0.5138764159693204,0.505309192186311,0.49659199378043895,0.4888227530663329,0.48163308774541963,0.47499575120356957,0.468829943224202,0.4617473603543889,0.4565418962965071,0.45209925528804235,0.44656482441773593,0.43710714574074855,0.4262109893701358,0.4216390756191167,0.4273378625060497,0.4310750796525159,0.4314780932325767,0.418803569139142,-0.07251914680934049
-0.510,0.3112398107542025,0.9644117223384444,0.9682740405196112,0.9719868721263316,0.9755452364354845,0.9789323295226807,0.9821003486418906,0.9850277988953396,0.9877220519661152,0.9901714732196804,0.9923731436637898,0.9943031648658066,0.99594103544584,0.9972954190763449,0.9983857796697703,0.9992168400573861,0.9997815254913732,1.0,0.9997817763987055,0.9992028484202897,0.9983117381393228,0.9971198023338049,0.9956336380596652,0.9938144015342711,0.991639477542129,0.9891124323775804,0.9862372104504822,0.98300843220286,0.9794377794257776,0.97551588557811,0.9712445341026954,0.9666407916671973,0.961718313418598,0.9565166770828498,0.9510445628958692,0.9452652542239126,0.9391754135191004,0.9327236511616874,0.9259310901157036,0.9188765840381709,0.911627261742072,0.9041860398781366,0.8965246017777563,0.8886160662449516,0.880379731224727,0.8719011976198489,0.8632871940700988,0.8545400522795551,0.8455940800310628,0.8364315363195283,0.8271568417683335,0.8177660555428886,0.8083036000610893,0.7986583729854955,0.7888416586448096,0.779000102688725,0.7691405393517636,0.7591792559223424,0.7491990682600066,0.7391193548418276,0.728986854089863,0.7188164846723124,0.7085484404837423,0.6984698555138102,0.6885391535237186,0.6785830983892015,0.6684701797736586,0.6581313178020879,0.6478273049755082,0.6379595666500948,0.6283326615407022,0.6186473011769587,0.6088525623147844,0.5989633561555336,0.5893686482776679,0.5802041036138349,0.5708394926242154,0.5614351858780569,0.5520816268136651,0.5433179136760381,0.5351380858626481,0.5267325107134769,0.5182837338206232,0.5095548792435721,0.5006844357290485,0.49280316218103765,0.48551158015476725,0.4787920004325083,0.4725325410703757,0.46532396018970196,0.46000817855520965,0.4554363624093686,0.44978704165372857,0.44019199910914636,0.42914304837240613,0.4245493014280441,0.4301716114088312,0.43386749657123114,0.43420913061918914,0.4213849321078696,-0.07382856895823875
-0.540,0.31207353264494053,0.9598946624893923,0.9639617419131606,0.9678844745132247,0.9716641945131573,0.9752889534055977,0.9787078616964449,0.9818939315907771,0.98484738005542,0.9875616639709828,0.9900503005477744,0.9922927915231351,0.994247753794898,0.9958988226972844,0.9972601696385159,0.998357946734047,0.9992099580372278,0.9997817763987055,1.0,0.9997804442639139,0.9991894162678611,0.9982773250993391,0.9970734680520489,0.995568888530451,0.9937351092780482,0.9915402626294988,0.9889720466020904,0.9860360154068506,0.9827632293380826,0.9791384409386679,0.9751500928800154,0.9708132638835749,0.9661478244737404,0.9611946713495446,0.9559595266487012,0.9504009069394866,0.9445170960555606,0.9382716580231469,0.931676884100135,0.9248070124356909,0.9177274661204912,0.910430803583124,0.902904871330258,0.8951278290636351,0.8870122332413176,0.8786333684920411,0.870102534856006,0.8614269937800674,0.8525446220048618,0.8434403929868849,0.8342103180343158,0.82485009665983,0.8154033861597088,0.805759781865051,0.7959398359995403,0.7860898411361188,0.7762081168832653,0.7662100895519168,0.756194886339565,0.7460777731289221,0.735888829781389,0.7256613505213518,0.7153193378978312,0.7051561277584605,0.6951417855519549,0.6850914541068385,0.6748869409982056,0.6644591230321569,0.6540547645439388,0.644087485763515,0.6343524428758809,0.6245523346961412,0.614638942642614,0.6046200858104868,0.5949029710236564,0.5856157557009432,0.5761281909741005,0.5665965375833232,0.557115879396995,0.5482540802653507,0.539971848807034,0.5314464096033833,0.5228674255387304,0.5139731446425913,0.5049421808664374,0.4969468177139567,0.48954949329829217,0.48274602922845705,0.4763906758862462,0.46904897165124726,0.4636237741334342,0.45891984516088324,0.4531534205688962,0.4434167003060532,0.4322105062088324,0.4275921239496922,0.43313563314687736,0.436787778200434,0.43706533485565874,0.4240877778983613,-0.07519765768097275
-0.570,0.3128951956324889,0.9551106349914041,0.9593778241694478,0.963505073649073,0.9674949417294721,0.971341225499422,0.9749971128048383,0.978441132924757,0.9816592929579167,0.9846379142918797,0.987397809223828,0.989928931169227,0.992195555197154,0.9941738032517196,0.9958369540538342,0.9972092734604782,0.9983342976243927,0.9992028484202897,0.9997804442639139,1.0,0.999770681268205,0.9991630385582538,0.9982429619536152,0.9970280383005169,0.9955134166148404,0.993661704781757,0.991425596324828,0.9888021797458114,0.9858328061517403,0.982513201989601,0.9788262029835472,0.9747719606031661,0.9703733026388152,0.9656738814552293,0.9606867426150417,0.9553686854848206,0.9497114269907558,0.9436796494970476,0.9372972882387415,0.9306227659048185,0.9237258071232544,0.9165930832244229,0.9092095663149099,0.9015695169526253,0.8935926519343665,0.8853336311874825,0.8768988622806853,0.8683042374092232,0.8594882973677335,0.8504503302023084,0.8412816212052289,0.8319613910368118,0.8225460293570235,0.812910803748694,0.8030943627550156,0.7932442662815038,0.7833467144496032,0.7733230147708584,0.7632752246356841,0.7531234138565419,0.7428903229793236,0.7326036046108825,0.7221963384962575,0.7119508452224624,0.7018541972941866,0.6917145182275434,0.6814205533176508,0.6709014696657899,0.6603988828090319,0.6503328453502937,0.6404933724706896,0.6305779762595125,0.62054583068705,0.6104014381523392,0.6005633924342445,0.5911467443263393,0.581528942220618,0.5718706492993101,0.5622598961774873,0.5532990500784509,0.5449181569156728,0.5362686537472671,0.5275599591816688,0.5184985806349626,0.509296006012866,0.5011835982982487,0.493674234855174,0.4867791443311718,0.48032946978557556,0.47285494592580435,0.4673158378776219,0.4624760751455848,0.4565893645262595,0.44670833655051995,0.43534023260828464,0.43069252428066407,0.436152869976022,0.43975819563821444,0.4399685220353205,0.4268338145185025,-0.07658734655362759
