,s1,-0.02,-0.04,-0.06,-0.08,-0.1,-0.12,-0.14,-0.16,-0.18,-0.2,-0.22,-0.24,-0.26,-0.28,-0.3,-0.32,-0.34,-0.36,-0.38,-0.4,-0.42,-0.44,-0.46,-0.48,-0.5,-0.52,-0.54,-0.56,-0.58,-0.6,-0.62,-0.64,-0.66,-0.68,-0.7,-0.72,-0.74,-0.76,-0.78,-0.8,-0.82,-0.84,-0.86,-0.88,-0.9,-0.92,-0.94,-0.96,-0.98,-1,-1.02,-1.04,-1.06,-1.08,-1.1,-1.12,-1.14,-1.16,-1.18,-1.2,-1.22,-1.24,-1.26,-1.28,-1.3,-1.32,-1.34,-1.36,-1.38,-1.4,-1.42,-1.44,-1.46,-1.48,-1.5,-1.52,-1.54,-1.56,-1.58,-1.6,-1.62,-1.64,-1.66,-1.68,-1.7,-1.72,-1.74,-1.76,-1.78,-1.8,-1.82,-1.84,-1.86,-1.88,-1.9,-1.92,-1.94,-1.96,-1.98,-2
s1,1,0.998685282,0.993944253,0.991704408,0.990496623,0.989740743,0.989246503,0.988869383,0.988504088,0.985665004,0.980419792,0.975390636,0.970791942,0.966620957,0.962838343,0.959407018,0.956267128,0.953109744,0.949074823,0.944128817,0.938478058,0.932581825,0.926677691,0.920933836,0.915385398,0.90990386,0.904230228,0.898200879,0.891813307,0.88524286,0.878557434,0.871823179,0.865043522,0.858252548,0.851388579,0.8443983,0.837228035,0.829872006,0.822456773,0.815095095,0.807828285,0.800595573,0.793252617,0.785860898,0.778384552,0.770817327,0.763204697,0.755535032,0.747916019,0.740395967,0.732957562,0.725461303,0.717889439,0.710339238,0.702824272,0.695358654,0.687950739,0.680594512,0.673277817,0.666114359,0.659034249,0.651951967,0.64482604,0.637675214,0.630547869,0.623504456,0.616605198,0.609865922,0.603260938,0.596754784,0.590323879,0.583908303,0.577527102,0.571127857,0.564856621,0.558739437,0.5527359,0.546860368,0.541015032,0.535236468,0.529523132,0.523903623,0.518428696,0.513139955,0.507976323,0.502827549,0.497693384,0.492645392,0.487701595,0.48286842,0.478143987,0.473567332,0.469141179,0.464810071,0.460544407,0.456300964,0.452088118,0.447949323,0.443907323,0.439972511,0.436116875
-0.02,0.998685282,1,0.997974895,0.996556581,0.995738623,0.99520526,0.994855866,0.994581356,0.99430566,0.992453467,0.9886324,0.984660742,0.98086478,0.977353601,0.974124709,0.971171896,0.968447377,0.965700956,0.962221058,0.957919607,0.952932113,0.947686068,0.942378143,0.937173382,0.932113074,0.927080124,0.921850499,0.916272769,0.910326137,0.90417862,0.897895179,0.891546461,0.885136613,0.878698347,0.872169691,0.865501151,0.858637071,0.851565447,0.844414828,0.837296403,0.83025198,0.823227736,0.816085873,0.808876491,0.801564466,0.794140323,0.786656165,0.779101722,0.771584433,0.764151888,0.756789053,0.749361793,0.741846494,0.734333915,0.726837603,0.719373609,0.71195355,0.704575009,0.697228558,0.690024009,0.682892296,0.675750524,0.668559435,0.661335143,0.654123909,0.646984526,0.639978732,0.6331227,0.62639311,0.619756732,0.613191155,0.606635605,0.60010871,0.593558893,0.587130473,0.580849937,0.57467986,0.568635101,0.562617053,0.556661689,0.550769525,0.544968285,0.539307111,0.533829089,0.528475415,0.52313648,0.517810037,0.512569399,0.507431296,0.502403727,0.497485868,0.492716119,0.488098679,0.483576746,0.479121495,0.474688415,0.470286721,0.465961081,0.461735141,0.457620271,0.453587373
-0.04,0.993944253,0.997974895,1,0.999798956,0.999546528,0.999327022,0.99914567,0.998955483,0.998745364,0.997669776,0.995449192,0.992913609,0.990323383,0.987801332,0.985398345,0.983126702,0.980986002,0.978807044,0.976012382,0.97253213,0.968441799,0.964110897,0.959673816,0.95525869,0.950898695,0.94651827,0.941926682,0.936993104,0.931703623,0.926194623,0.920534097,0.914786648,0.908955434,0.903072124,0.897078614,0.890923897,0.884569791,0.877996449,0.871316289,0.86463463,0.858000751,0.851359715,0.84459361,0.837743366,0.830780075,0.82369454,0.816530935,0.809273936,0.802032137,0.79485283,0.787728402,0.780531267,0.773229009,0.765913679,0.758598406,0.751293706,0.744012569,0.736761053,0.729527422,0.722424364,0.715384552,0.708323843,0.701204134,0.694036728,0.686865228,0.679754139,0.672766366,0.665916216,0.659180587,0.652528682,0.645938262,0.6393483,0.632781224,0.626186348,0.619703906,0.613360673,0.607120588,0.600996083,0.594891483,0.588841784,0.582851538,0.576949887,0.571183861,0.565595641,0.56012548,0.554664861,0.549212878,0.54384414,0.538573886,0.533410937,0.528355603,0.523447695,0.518691652,0.514027666,0.509427858,0.504847482,0.500296464,0.495820699,0.491444714,0.487181331,0.483001392
-0.06,0.991704408,0.996556581,0.999798956,1,0.999945574,0.999844356,0.999729346,0.99957518,0.999399064,0.998577262,0.996862287,0.994774679,0.992556578,0.990345324,0.988204746,0.986149091,0.984195338,0.98220138,0.97962593,0.976404621,0.972592353,0.968539289,0.964363779,0.96018477,0.956035848,0.951853525,0.947456227,0.942718336,0.937625567,0.932305576,0.926827965,0.921256478,0.915594289,0.90987355,0.904036988,0.898031111,0.891823566,0.885390318,0.878840804,0.872279485,0.865759074,0.859224625,0.852563795,0.845813598,0.838946114,0.831951691,0.82487262,0.817692752,0.810522154,0.803407849,0.796343654,0.789204416,0.781955019,0.774687973,0.767415615,0.760147197,0.752896823,0.745672733,0.738462178,0.731378292,0.724354499,0.717306636,0.710197058,0.703036508,0.695867576,0.688756516,0.68176565,0.674908216,0.668161173,0.661494861,0.654887455,0.648278283,0.641690433,0.635073767,0.628567984,0.622199336,0.61593185,0.609777139,0.603640551,0.597556447,0.591530524,0.585592952,0.579789952,0.574163315,0.568653386,0.563151865,0.557658164,0.552246958,0.546933167,0.541726288,0.536627013,0.531675111,0.526874883,0.522166229,0.51752131,0.512895539,0.508298864,0.503777235,0.499355561,0.495047292,0.490823104
-0.08,0.990496623,0.995738623,0.999546528,0.999945574,1,0.999971885,0.999904279,0.99978116,0.999633191,0.998928709,0.99744534,0.995566376,0.993522967,0.991458495,0.989442735,0.987490318,0.985626789,0.98372342,0.981250221,0.978146989,0.974459001,0.970527206,0.966463391,0.96238483,0.958326386,0.954230474,0.949916695,0.94526202,0.940250572,0.935007304,0.929603548,0.924102509,0.918507001,0.912850216,0.90707546,0.901127333,0.894974842,0.888592063,0.88208812,0.87556783,0.869085983,0.862587694,0.855963055,0.849246719,0.842410494,0.835444305,0.828389828,0.821230711,0.814078382,0.806980217,0.799930305,0.792804527,0.785566311,0.778308363,0.771042602,0.763777806,0.756529106,0.749305299,0.742092957,0.735005406,0.727976686,0.720922645,0.713806056,0.706637597,0.6994595,0.692338637,0.685336656,0.678466145,0.671703944,0.665020952,0.658395921,0.651768814,0.645162753,0.638528203,0.632004696,0.6256175,0.619330622,0.613155254,0.606997374,0.600891184,0.594842844,0.588883051,0.583057522,0.577408097,0.571875548,0.566351128,0.560834243,0.555399487,0.550061704,0.544830938,0.539708093,0.534732979,0.529909883,0.525178888,0.520511616,0.515863373,0.511244137,0.50669996,0.502256011,0.497926062,0.493680721
-0.1,0.989740743,0.99520526,0.999327022,0.999844356,0.999971885,1,0.999974017,0.999881678,0.999761066,0.999119875,0.997757983,0.995992721,0.994046034,0.992063807,0.990118856,0.988225641,0.986414715,0.984565294,0.982148271,0.97910743,0.975482717,0.971610117,0.967598599,0.963566438,0.959550559,0.955496801,0.951222414,0.946605751,0.941630098,0.93641862,0.931044928,0.925572124,0.920002638,0.914370514,0.90861953,0.902692188,0.896557969,0.890189436,0.883696617,0.877185016,0.870711307,0.864220614,0.857603867,0.85089448,0.844063193,0.837099475,0.830044874,0.822883123,0.815727391,0.808625283,0.801570404,0.794439535,0.787194998,0.779929476,0.772654608,0.76537912,0.758119333,0.75088402,0.74365905,0.736557736,0.729514656,0.722445768,0.715314095,0.70813075,0.700937615,0.693801887,0.686784494,0.679897417,0.673117409,0.666415615,0.659771528,0.65312568,0.646501244,0.639849235,0.63330893,0.626904625,0.620600363,0.614407061,0.60823104,0.602106495,0.59603989,0.590062129,0.584218662,0.578551766,0.573002355,0.567461019,0.561927123,0.55647518,0.551120147,0.545872446,0.540733182,0.535742294,0.530904213,0.52615885,0.52147728,0.516814688,0.512181154,0.507622799,0.503165018,0.498821806,0.494563825
-0.12,0.989246503,0.994855866,0.99914567,0.999729346,0.999904279,0.999974017,1,0.999963257,0.99988282,0.999283672,0.997985164,0.996282899,0.994390012,0.992452087,0.990545857,0.988696515,0.98692679,0.985118049,0.982737509,0.979727584,0.976132594,0.972285324,0.968293288,0.964280302,0.960286133,0.956255815,0.952002017,0.947400065,0.942435588,0.937231175,0.931863157,0.926395436,0.920832308,0.915207148,0.909462439,0.903538126,0.897402577,0.891028539,0.88452782,0.878007065,0.871524874,0.865028172,0.858405614,0.851689652,0.844848619,0.83787321,0.830804781,0.823627455,0.816456142,0.809339492,0.802270001,0.795124675,0.787864324,0.780581035,0.773287578,0.765992366,0.758713508,0.751459401,0.744215821,0.737095493,0.730033174,0.722944387,0.715792466,0.708589066,0.701375949,0.694220797,0.6871838,0.680277297,0.673477688,0.666755476,0.660090751,0.6534246,0.646780457,0.64010992,0.63355194,0.62712975,0.620807794,0.614596973,0.608402821,0.602260186,0.596176041,0.590181249,0.5843213,0.57863895,0.573074733,0.567519026,0.561970325,0.556502891,0.551132356,0.545869799,0.540716353,0.535712213,0.530862257,0.526105915,0.521413353,0.516739261,0.512094412,0.507525221,0.503057076,0.498704106,0.494437157
-0.14,0.988869383,0.994581356,0.998955483,0.99957518,0.99978116,0.999881678,0.999963257,1,0.999971522,0.999407073,0.998139226,0.996468229,0.994604097,0.992688484,0.990802789,0.988990301,0.987257653,0.985484451,0.983131521,0.980134348,0.976548051,0.97270584,0.968714862,0.964706266,0.960722649,0.956706596,0.952464143,0.94786488,0.942897061,0.937684857,0.932307521,0.926831078,0.921263288,0.915635775,0.909887507,0.903955937,0.897807718,0.891416367,0.884896249,0.878355646,0.87185493,0.865344604,0.858708619,0.851977678,0.845117754,0.838121716,0.83103076,0.823829641,0.816634846,0.80949711,0.802407279,0.79524161,0.787959254,0.780651532,0.773332814,0.766011484,0.75870776,0.751429734,0.744163678,0.737020651,0.729935579,0.722823068,0.71564677,0.708418671,0.701181155,0.694002676,0.686942647,0.680014162,0.67319303,0.66644847,0.659761129,0.653072571,0.64640666,0.639715639,0.63313818,0.626696248,0.620354992,0.614125456,0.607911789,0.601749767,0.595647265,0.58963497,0.583758517,0.578060508,0.572481423,0.566911679,0.561348239,0.55586507,0.550479036,0.545201907,0.540034621,0.535017699,0.530156643,0.525390246,0.520687655,0.516002726,0.511347361,0.506768461,0.502291223,0.497929795,0.493655282
-0.16,0.988504088,0.99430566,0.998745364,0.999399064,0.999633191,0.999761066,0.99988282,0.999971522,1,0.999480169,0.998229719,0.996572864,0.994726926,0.992828979,0.99096106,0.989176295,0.987474024,0.985728952,0.98338819,0.980396087,0.976812694,0.972971357,0.968978823,0.964970739,0.960993291,0.956987834,0.952748888,0.948135601,0.943152296,0.937925565,0.932534725,0.927046373,0.921470907,0.91583851,0.910083574,0.904139171,0.897969774,0.891551108,0.885004791,0.878439503,0.87191659,0.865388571,0.858735387,0.851985495,0.845102678,0.838081824,0.830963046,0.82373379,0.816511411,0.809348207,0.802233799,0.795043763,0.787735499,0.780399844,0.773052303,0.765701265,0.758368783,0.751063158,0.743770808,0.73660099,0.729488885,0.722348653,0.715144162,0.707887635,0.700621843,0.693415223,0.686327296,0.679371414,0.672523126,0.665750961,0.659035995,0.652320042,0.645627032,0.638909628,0.632306172,0.625837712,0.619469833,0.613214152,0.606974601,0.60078691,0.594659572,0.588623226,0.582723282,0.577001864,0.571399322,0.5658065,0.560220412,0.554714771,0.549306833,0.544008574,0.538820846,0.533784148,0.528904128,0.524119515,0.519399268,0.514696528,0.510023827,0.505428788,0.500936451,0.496560777,0.492272806
-0.18,0.985665004,0.992453467,0.997669776,0.998577262,0.998928709,0.999119875,0.999283672,0.999407073,0.999480169,1,0.999316367,0.998067679,0.99655266,0.994930892,0.993297268,0.991719192,0.990199505,0.988609504,0.986447522,0.983611649,0.980209235,0.976607949,0.972865465,0.969119624,0.965391125,0.961598468,0.957544904,0.953087271,0.948237563,0.943150914,0.937911105,0.932575077,0.927152228,0.921664874,0.916034057,0.910186388,0.904102225,0.897770275,0.891313558,0.884836533,0.878395779,0.871939258,0.865346507,0.858625092,0.851754464,0.844741865,0.837633344,0.830417215,0.82321005,0.816055101,0.80893884,0.801736503,0.794407614,0.787042888,0.779661567,0.7722731,0.764895582,0.757532687,0.750181632,0.742947426,0.735768909,0.728564019,0.721297805,0.713978146,0.706642397,0.699356221,0.692184368,0.685141379,0.678202199,0.671339936,0.664537874,0.657737349,0.650956643,0.644147751,0.637448856,0.630882417,0.624414788,0.618061981,0.611728174,0.605449012,0.599228354,0.593095632,0.587099536,0.58128187,0.575582907,0.569897018,0.564221221,0.558626491,0.553128326,0.547739979,0.542463904,0.537341081,0.532375181,0.527505677,0.52270354,0.517922369,0.513173063,0.508501519,0.503934017,0.499485735,0.495127294
-0.2,0.980419792,0.9886324,0.995449192,0.996862287,0.99744534,0.997757983,0.997985164,0.998139226,0.998229719,0.999316367,1,0.999576119,0.998714964,0.997629957,0.996446171,0.99524974,0.994058065,0.992762286,0.990957911,0.988549525,0.985532439,0.98233789,0.979010005,0.975704655,0.97240151,0.969017701,0.965373711,0.961335915,0.956873466,0.952147511,0.94726051,0.942257738,0.937146972,0.931958576,0.926625761,0.92107702,0.915278961,0.909239152,0.903066431,0.89685454,0.890663651,0.884443746,0.878080762,0.871566689,0.864873442,0.858034316,0.851092359,0.84403129,0.836979903,0.82997413,0.822997989,0.815923136,0.808706439,0.801450163,0.79416329,0.786852207,0.779537832,0.772226454,0.764917019,0.757715495,0.750559836,0.743373725,0.736121326,0.728807783,0.721468808,0.714168087,0.706968773,0.699887306,0.692900724,0.685987232,0.679127712,0.672258691,0.66540242,0.658512284,0.651725954,0.645067258,0.638505279,0.632055075,0.62561972,0.619229073,0.612888839,0.606631674,0.600506018,0.594555252,0.588721233,0.582898307,0.577082027,0.571344765,0.565700859,0.560165243,0.554741652,0.549470702,0.544357895,0.539338626,0.534385718,0.52945486,0.524556285,0.51973632,0.515022136,0.510431183,0.505931448
-0.22,0.975390636,0.984660742,0.992913609,0.994774679,0.995566376,0.995992721,0.996282899,0.996468229,0.996572864,0.998067679,0.999576119,1,0.999737539,0.99913925,0.998362023,0.997506652,0.996608082,0.995572524,0.994025426,0.991910228,0.989272633,0.98648619,0.983546544,0.98063017,0.977694996,0.974664329,0.971358719,0.967649068,0.96351979,0.959132987,0.954577775,0.949886291,0.945074466,0.940166021,0.935099098,0.929805792,0.924267449,0.918492567,0.912586064,0.906624125,0.900667604,0.894665096,0.888512095,0.882194463,0.875689751,0.86903159,0.862262039,0.855367105,0.848478409,0.841622732,0.834788364,0.827848241,0.820756151,0.813619695,0.806447372,0.799241368,0.79202346,0.784796257,0.777559595,0.770421167,0.763322689,0.756190601,0.748988551,0.741720367,0.734420814,0.72715367,0.719978937,0.712911765,0.705931602,0.699020991,0.692160227,0.685285884,0.678417285,0.671509021,0.664699126,0.658011107,0.651416666,0.644931056,0.63845872,0.632026455,0.625638872,0.619329641,0.613147177,0.607135199,0.601236167,0.59534756,0.589464222,0.583657537,0.577940899,0.572330526,0.566830682,0.561480002,0.556285088,0.551181984,0.546144699,0.541129516,0.53614644,0.531241903,0.526443388,0.521767851,0.517183068
-0.24,0.970791942,0.98086478,0.990323383,0.992556578,0.993522967,0.994046034,0.994390012,0.994604097,0.994726926,0.99655266,0.998714964,0.999737539,1,0.99982031,0.999392262,0.998829697,0.998183522,0.997372853,0.996045688,0.994176138,0.991820805,0.989357833,0.986748042,0.984168025,0.981547698,0.978817643,0.975798838,0.972364234,0.968501784,0.964381263,0.960097131,0.955665137,0.95110184,0.946430492,0.941591426,0.93651371,0.931185967,0.925627978,0.91993824,0.914181747,0.908420736,0.902601542,0.896624363,0.890466919,0.88411241,0.877605523,0.870982235,0.864225706,0.857472077,0.85074295,0.844027799,0.837199324,0.830210034,0.823175304,0.816100062,0.808981641,0.801842707,0.794685126,0.787510578,0.780428795,0.773383439,0.766302223,0.75914683,0.751918608,0.744652452,0.737412709,0.730260677,0.723211305,0.716243719,0.709342813,0.702487316,0.695612702,0.688737392,0.681818879,0.674996319,0.668291993,0.661678724,0.655171328,0.648675496,0.642215724,0.635796036,0.629452236,0.623232042,0.617178545,0.611234301,0.605299879,0.599370131,0.593515052,0.587747926,0.5820856,0.576532464,0.571126693,0.565875128,0.560714076,0.555618229,0.550544333,0.545502355,0.54053834,0.535680188,0.530945419,0.526301373
-0.26,0.966620957,0.977353601,0.987801332,0.990345324,0.991458495,0.992063807,0.992452087,0.992688484,0.992828979,0.994930892,0.997629957,0.99913925,0.99982031,1,0.999870686,0.999557376,0.999126327,0.99850845,0.997368485,0.995706577,0.993588171,0.991391517,0.989055079,0.986755775,0.984402269,0.981928476,0.979152672,0.975949271,0.972310179,0.968411246,0.964349996,0.96013189,0.955776996,0.951305234,0.946655978,0.941756372,0.936603135,0.93122444,0.925712473,0.920124369,0.914525322,0.908859092,0.903028946,0.897004591,0.890774047,0.884389161,0.877882162,0.871236139,0.864592309,0.857967256,0.851350828,0.844614937,0.837709851,0.830756892,0.823759018,0.816710803,0.809635553,0.802533758,0.795408677,0.788371328,0.781366825,0.774324193,0.767204826,0.760008524,0.752769491,0.745551799,0.738417023,0.731379862,0.724419924,0.717524573,0.710672113,0.703796385,0.696914371,0.689985484,0.683150003,0.676429747,0.669798892,0.663272836,0.656757848,0.650275495,0.643828607,0.637454806,0.631201933,0.625112929,0.619130913,0.613158523,0.607190456,0.601295259,0.595485848,0.589779946,0.584182655,0.578731722,0.573433659,0.56822491,0.563080912,0.557959092,0.552869124,0.547856794,0.542950399,0.538167979,0.533476065
-0.28,0.962838343,0.974124709,0.985398345,0.988204746,0.989442735,0.990118856,0.990545857,0.990802789,0.99096106,0.993297268,0.996446171,0.998362023,0.999392262,0.999870686,1,0.9999029,0.999658019,0.999207613,0.998229072,0.996744694,0.994828137,0.992857539,0.990751371,0.988689095,0.986562893,0.984308178,0.981740952,0.978735014,0.975285258,0.97157387,0.967700933,0.963662583,0.959482515,0.95517833,0.950689147,0.945939659,0.940932822,0.9357041,0.930340639,0.924892925,0.919428483,0.913888686,0.908179657,0.902265314,0.896137768,0.889854081,0.883443295,0.876888334,0.870334336,0.86379384,0.857257031,0.850595894,0.843758847,0.836871766,0.829936151,0.82294426,0.81591969,0.80886183,0.801775167,0.794772496,0.787799882,0.780786971,0.773694623,0.766521416,0.759301631,0.752099037,0.744975761,0.737946137,0.730990058,0.724096802,0.717244131,0.710364729,0.703474247,0.69653365,0.689684581,0.682948427,0.676300428,0.669756054,0.663222471,0.656718752,0.650246733,0.643845489,0.637562951,0.631441991,0.625426199,0.619419928,0.613417793,0.607487388,0.601640884,0.595896826,0.590260934,0.58477055,0.579431939,0.574181819,0.56899633,0.563833072,0.558701692,0.553647786,0.548699993,0.543876824,0.539144269
-0.3,0.959407018,0.971171896,0.983126702,0.986149091,0.987490318,0.988225641,0.988696515,0.988990301,0.989176295,0.991719192,0.99524974,0.997506652,0.998829697,0.999557376,0.9999029,1,0.999924102,0.99962492,0.998789762,0.997457001,0.9957121,0.993933578,0.992022611,0.990163938,0.988236233,0.98617359,0.983788473,0.980952431,0.977663733,0.974111704,0.970398448,0.96651256,0.962483102,0.958323619,0.953971963,0.949350376,0.944466652,0.939363192,0.934124007,0.928793827,0.923442004,0.918009461,0.912403039,0.906581597,0.900539609,0.89433968,0.888007743,0.881527273,0.875047054,0.868576599,0.86210594,0.855506369,0.848724444,0.841889752,0.835003575,0.828055818,0.821070901,0.814047091,0.806990758,0.800015161,0.793067302,0.786076896,0.779004401,0.771847359,0.764640368,0.757447133,0.750330073,0.743303917,0.736348483,0.729454483,0.722598999,0.715713641,0.708812821,0.701859147,0.69499537,0.68824257,0.68157729,0.675015191,0.668463345,0.661939019,0.65544324,0.649016281,0.642706036,0.636555558,0.630509028,0.624472191,0.618439044,0.612476355,0.606595987,0.600817318,0.595146668,0.589620904,0.584246304,0.578959737,0.573737723,0.5685377,0.563369712,0.558279323,0.553295285,0.548436478,0.543668547
-0.32,0.956267128,0.968447377,0.980986002,0.984195338,0.985626789,0.986414715,0.98692679,0.987257653,0.987474024,0.990199505,0.994058065,0.996608082,0.998183522,0.999126327,0.999658019,0.999924102,1,0.999837484,0.999129655,0.997928855,0.99633328,0.99472134,0.992979608,0.991297708,0.989543214,0.987649656,0.985424479,0.982736384,0.979586738,0.976172444,0.972596928,0.968842242,0.964942812,0.960908426,0.956675315,0.952163296,0.947384191,0.942386859,0.937253067,0.932023092,0.926766955,0.921425074,0.915905128,0.910161356,0.904190309,0.898059867,0.891793238,0.885374467,0.878955567,0.872543368,0.866127626,0.859578594,0.852840827,0.846047751,0.839200548,0.832287261,0.825333333,0.818335809,0.811302663,0.804347287,0.797417605,0.790443477,0.783384794,0.776238183,0.769038783,0.761850261,0.754735325,0.747708784,0.740750829,0.733853321,0.726992607,0.720099279,0.713186421,0.706218324,0.699338924,0.692568631,0.685885272,0.679304768,0.672734446,0.666189776,0.659671232,0.653219687,0.64688306,0.640704602,0.634629102,0.628563489,0.622501614,0.616508944,0.610597348,0.604786726,0.599084082,0.59352584,0.588118332,0.582798355,0.577543024,0.572309859,0.56710905,0.561985913,0.556969417,0.552078717,0.547279148
-0.34,0.953109744,0.965700956,0.978807044,0.98220138,0.98372342,0.984565294,0.985118049,0.985484451,0.985728952,0.988609504,0.992762286,0.995572524,0.997372853,0.99850845,0.999207613,0.99962492,0.999837484,1,0.999442361,0.998348956,0.996873503,0.995396703,0.993792607,0.992255317,0.990644212,0.988930322,0.986973532,0.984444364,0.981415892,0.978112645,0.974647737,0.970998184,0.967203563,0.963280589,0.959172102,0.954798304,0.950122493,0.945216349,0.940172527,0.935027536,0.929852314,0.924587053,0.91913346,0.913466216,0.907564385,0.901493734,0.895278758,0.88891037,0.882544521,0.876183071,0.869810458,0.863304879,0.856610974,0.849854773,0.843039502,0.836152357,0.829222249,0.822246111,0.815229377,0.808286983,0.801371309,0.794414591,0.787372898,0.78023825,0.773043531,0.765858075,0.758742682,0.751711938,0.744750805,0.737851371,0.730993267,0.724102654,0.717186969,0.710211653,0.703322098,0.696536518,0.689839348,0.683246735,0.676664662,0.670111319,0.663585437,0.657124013,0.650772591,0.644573816,0.638476377,0.632387123,0.626303078,0.620290772,0.614360456,0.608532017,0.602810622,0.597231147,0.59179739,0.586447658,0.581160484,0.575898639,0.570671968,0.565524136,0.560483509,0.555569474,0.550744686
-0.36,0.949074823,0.962221058,0.976012382,0.97962593,0.981250221,0.982148271,0.982737509,0.983131521,0.98338819,0.986447522,0.990957911,0.994025426,0.996045688,0.997368485,0.998229072,0.998789762,0.999129655,0.999442361,1,0.999191496,0.997849435,0.996503747,0.995023853,0.993611219,0.992118872,0.990523087,0.988791694,0.986671995,0.983971086,0.980848642,0.977522125,0.973992672,0.970307864,0.966497421,0.962521319,0.958350387,0.9538491,0.949108909,0.944211674,0.939175277,0.934093513,0.928936057,0.923583596,0.918033068,0.912221979,0.906218002,0.900068524,0.893760264,0.887449644,0.881155738,0.874847277,0.868398999,0.861761055,0.855039537,0.848243441,0.841380937,0.834479359,0.827537073,0.820545311,0.813617611,0.806707825,0.799756759,0.792710346,0.785574452,0.778401763,0.771244584,0.764150364,0.757122475,0.750153312,0.743233062,0.736345321,0.72942784,0.722498554,0.715521471,0.708629723,0.701841811,0.695134974,0.688523925,0.681917023,0.675339162,0.668793002,0.662308009,0.655931709,0.649703768,0.643574882,0.63744737,0.631331175,0.625294486,0.619335659,0.613474409,0.607723146,0.602115514,0.596649296,0.591263737,0.585937935,0.580638829,0.575371698,0.57018339,0.565103533,0.560149341,0.555289577
-0.38,0.944128817,0.957919607,0.97253213,0.976404621,0.978146989,0.97910743,0.979727584,0.980134348,0.980396087,0.983611649,0.988549525,0.991910228,0.994176138,0.995706577,0.996744694,0.997457001,0.997928855,0.998348956,0.999191496,1,0.999143917,0.997979571,0.996644664,0.995368859,0.994001594,0.99251705,0.990885437,0.989056699,0.986848532,0.98417345,0.981223601,0.977935797,0.974423534,0.970752181,0.966908487,0.962897644,0.958676,0.954146338,0.949380234,0.944516172,0.939612819,0.934627871,0.929446616,0.924082962,0.918472455,0.912629753,0.906576144,0.900354785,0.894130173,0.887920571,0.881705374,0.875380592,0.868857817,0.862218197,0.855480719,0.848675115,0.841828163,0.834941234,0.828014998,0.821154126,0.814282624,0.807333532,0.800286683,0.7931483,0.785964723,0.778811503,0.771734016,0.764735106,0.757780493,0.750850949,0.743941701,0.736992421,0.730025029,0.723017142,0.716088804,0.709264029,0.702523287,0.695879141,0.689236603,0.682616279,0.676022483,0.669487402,0.663064717,0.656794607,0.650625153,0.644454202,0.638279063,0.632174702,0.626152163,0.620228589,0.614416479,0.608759297,0.603248952,0.59781833,0.592441538,0.587079183,0.581743876,0.57649168,0.571350034,0.566335274,0.56141672
-0.4,0.938478058,0.952932113,0.968441799,0.972592353,0.974459001,0.975482717,0.976132594,0.976548051,0.976812694,0.980209235,0.985532439,0.989272633,0.991820805,0.993588171,0.994828137,0.9957121,0.99633328,0.996873503,0.997849435,0.999143917,1,0.99930091,0.998164041,0.997061988,0.995848997,0.994501403,0.992979203,0.991272263,0.989371024,0.987131953,0.984559039,0.981735905,0.978613734,0.975198253,0.971524919,0.967647898,0.963639464,0.959342413,0.954798007,0.950134904,0.945415489,0.940601407,0.935598615,0.930436294,0.925075182,0.919446564,0.913577715,0.907519777,0.901432879,0.895339176,0.889227696,0.882998642,0.876587798,0.870053701,0.86342892,0.856722407,0.849962238,0.84316102,0.836318639,0.829535225,0.822730908,0.815833176,0.808825559,0.801712974,0.794540076,0.787392729,0.780316965,0.773333803,0.766402118,0.759491227,0.752584184,0.745631985,0.738648799,0.731617341,0.724664446,0.717808989,0.711030527,0.704338746,0.697644856,0.690969408,0.68431743,0.677722435,0.671238382,0.664909766,0.658689658,0.652471638,0.646249267,0.64009251,0.633999494,0.628001192,0.622113504,0.616381418,0.610805004,0.605312414,0.599871395,0.594444253,0.589043696,0.583724213,0.578514999,0.573435073,0.568453688
-0.42,0.932581825,0.947686068,0.964110897,0.968539289,0.970527206,0.971610117,0.972285324,0.97270584,0.972971357,0.976607949,0.98233789,0.98648619,0.989357833,0.991391517,0.992857539,0.993933578,0.99472134,0.995396703,0.996503747,0.997979571,0.99930091,1,0.999396148,0.998555856,0.997563386,0.996412978,0.995053703,0.993490277,0.991735439,0.98970059,0.987420146,0.98496882,0.982291065,0.979351707,0.976048807,0.972391559,0.96854873,0.964422217,0.960079933,0.955630965,0.951106743,0.946482674,0.941696696,0.936729878,0.93156488,0.926158989,0.920529721,0.914685757,0.908752101,0.902790745,0.896807325,0.890703834,0.884418485,0.878001291,0.871479845,0.864870763,0.858200454,0.851501233,0.844769569,0.83808882,0.831380213,0.824564203,0.817619862,0.810559365,0.803430484,0.796313618,0.789254884,0.782279722,0.775363565,0.768476586,0.761592785,0.754660724,0.747698113,0.740680627,0.733734427,0.726872077,0.720074272,0.713355919,0.706629576,0.699914089,0.693225591,0.686593444,0.680072061,0.673704785,0.667440531,0.661175437,0.654906726,0.648704393,0.642566958,0.636524639,0.63058953,0.624802511,0.619164652,0.613604475,0.6080982,0.602604304,0.597140082,0.59176046,0.58649344,0.581357658,0.576320665
-0.44,0.926677691,0.942378143,0.959673816,0.964363779,0.966463391,0.967598599,0.968293288,0.968714862,0.968978823,0.972865465,0.979010005,0.983546544,0.986748042,0.989055079,0.990751371,0.992022611,0.992979608,0.993792607,0.995023853,0.996644664,0.998164041,0.999396148,1,0.999613024,0.998886782,0.997972237,0.996809248,0.995417258,0.993819176,0.99196064,0.989894857,0.987686502,0.985293951,0.982720955,0.979850828,0.97659232,0.973025334,0.96911242,0.964970383,0.960730321,0.956404855,0.951958514,0.947349535,0.942557345,0.937581074,0.932359792,0.92692705,0.921305888,0.915594672,0.909819634,0.903997477,0.898035412,0.891881825,0.885591084,0.879192337,0.872703657,0.86614348,0.859542833,0.852906052,0.846313114,0.839690035,0.832965391,0.826114701,0.819139025,0.812086231,0.805036922,0.798032616,0.79109528,0.78420731,0.77734549,0.770487477,0.763573275,0.756624162,0.749622794,0.742697881,0.735854189,0.729069899,0.722359025,0.715626348,0.708891745,0.702187709,0.695540238,0.688999287,0.682611627,0.676325094,0.670032506,0.663727653,0.65748413,0.651304596,0.645218394,0.639237838,0.633406987,0.627733905,0.622137698,0.616591481,0.611053488,0.605540513,0.600107834,0.594785565,0.589596166,0.584509742
-0.46,0.920933836,0.937173382,0.95525869,0.96018477,0.96238483,0.963566438,0.964280302,0.964706266,0.964970739,0.969119624,0.975704655,0.98063017,0.984168025,0.986755775,0.988689095,0.990163938,0.991297708,0.992255317,0.993611219,0.995368859,0.997061988,0.998555856,0.999613024,1,0.999709269,0.999098912,0.998180915,0.997001992,0.995597602,0.99394352,0.992096845,0.990104503,0.987932491,0.985596677,0.983017425,0.980069939,0.976794489,0.973162273,0.969274657,0.965265334,0.961154327,0.956907046,0.952487109,0.947860935,0.943039321,0.937977679,0.93272723,0.92729749,0.921762362,0.916161366,0.910518231,0.904716801,0.898705478,0.892542578,0.886261398,0.879881669,0.87342999,0.866933765,0.860401301,0.853906002,0.847370096,0.840724977,0.833950964,0.827049805,0.820074653,0.8131009,0.806166521,0.799280188,0.792426339,0.785595187,0.778766249,0.771874769,0.764944306,0.757959162,0.751049231,0.744221804,0.737449268,0.730741911,0.724011034,0.71727791,0.710571434,0.703918025,0.697367334,0.69096297,0.684657354,0.678340023,0.672005369,0.665731982,0.659520451,0.653399246,0.647380493,0.641507633,0.635791294,0.630153148,0.624563557,0.61898144,0.613427151,0.60795127,0.602582164,0.597343941,0.592207241
-0.48,0.915385398,0.932113074,0.950898695,0.956035848,0.958326386,0.959550559,0.960286133,0.960722649,0.960993291,0.965391125,0.97240151,0.977694996,0.981547698,0.984402269,0.986562893,0.988236233,0.989543214,0.990644212,0.992118872,0.994001594,0.995848997,0.997563386,0.998886782,0.999709269,1,0.999762619,0.999107962,0.998154635,0.996954691,0.995512162,0.993887189,0.992112058,0.99016006,0.988033547,0.985662954,0.98295023,0.979929439,0.97654001,0.972899378,0.969130056,0.965238172,0.961190338,0.956958305,0.952496025,0.947823616,0.942910796,0.937816375,0.932554478,0.927183943,0.921738044,0.916246847,0.910586004,0.904703499,0.898665669,0.89250424,0.886232847,0.879887243,0.87349397,0.867061646,0.860649411,0.854192691,0.847624605,0.840922903,0.834088062,0.82717525,0.820261465,0.813385089,0.806549734,0.799740786,0.792948352,0.786152465,0.779289378,0.772380962,0.765412588,0.758515388,0.751696838,0.744932992,0.738233069,0.73150352,0.72476858,0.718056267,0.711394975,0.704833643,0.698413048,0.692086629,0.685749163,0.67939508,0.673097006,0.666856769,0.66070383,0.654650479,0.648738101,0.642976777,0.637295346,0.631665443,0.626040625,0.620445773,0.614929194,0.609516658,0.604233727,0.599050752
-0.5,0.90990386,0.927080124,0.94651827,0.951853525,0.954230474,0.955496801,0.956255815,0.956706596,0.956987834,0.961598468,0.969017701,0.974664329,0.978817643,0.981928476,0.984308178,0.98617359,0.987649656,0.988930322,0.990523087,0.99251705,0.994501403,0.996412978,0.997972237,0.999098912,0.999762619,1,0.999636573,0.998906569,0.997906955,0.996669621,0.995257635,0.993690664,0.991946403,0.990053884,0.987898921,0.985379835,0.982556976,0.979380396,0.975953651,0.972400072,0.968713579,0.964875074,0.96083786,0.956534624,0.952005644,0.947239332,0.942288672,0.937171168,0.931946094,0.926648815,0.921300928,0.915766331,0.909994263,0.904064638,0.898010458,0.8918392,0.885592212,0.879295614,0.872959206,0.86663275,0.860252045,0.853753967,0.847121408,0.840349798,0.833496062,0.826636174,0.81981113,0.813024989,0.806260011,0.799505515,0.792744653,0.785912189,0.779028435,0.772079004,0.765197765,0.758393362,0.751645673,0.744958171,0.738237779,0.731506901,0.724791976,0.718123136,0.711547224,0.705108684,0.6987686,0.692420124,0.686053936,0.679737638,0.673474329,0.66729439,0.661213846,0.655266728,0.649466957,0.643750198,0.638087902,0.632428309,0.626797508,0.621243465,0.615791763,0.610469293,0.605246938
-0.52,0.904230228,0.921850499,0.941926682,0.947456227,0.949916695,0.951222414,0.952002017,0.952464143,0.952748888,0.957544904,0.965373711,0.971358719,0.975798838,0.979152672,0.981740952,0.983788473,0.985424479,0.986973532,0.988791694,0.990885437,0.992979203,0.995053703,0.996809248,0.998180915,0.999107962,0.999636573,1,0.999550393,0.998733172,0.997677077,0.996451149,0.995064624,0.993497834,0.991782283,0.989929103,0.987751706,0.985156798,0.982180696,0.978949241,0.975590233,0.972083416,0.968421357,0.96457029,0.960495927,0.956157544,0.951548541,0.946742293,0.941767162,0.936688102,0.931539389,0.926310195,0.92091885,0.915298958,0.909507644,0.903576787,0.897509618,0.89135873,0.885151585,0.87888784,0.872646066,0.866357992,0.859954922,0.853410675,0.846719157,0.839930991,0.833128937,0.826349471,0.819598806,0.812869028,0.806163388,0.799457613,0.79267309,0.785829726,0.778911821,0.77204793,0.765255995,0.758517445,0.75184207,0.745142085,0.738433551,0.731734977,0.7250706,0.718492501,0.712046293,0.705697457,0.699340871,0.692969063,0.686652851,0.680385738,0.674192311,0.668095534,0.662131537,0.656306113,0.650557635,0.644865754,0.639182675,0.633527314,0.627948236,0.62246978,0.617118442,0.61186507
-0.54,0.898200879,0.916272769,0.936993104,0.942718336,0.94526202,0.946605751,0.947400065,0.94786488,0.948135601,0.953087271,0.961335915,0.967649068,0.972364234,0.975949271,0.978735014,0.980952431,0.982736384,0.984444364,0.986671995,0.989056699,0.991272263,0.993490277,0.995417258,0.997001992,0.998154635,0.998906569,0.999550393,1,0.999499373,0.998632842,0.997592944,0.996384729,0.994990971,0.993433518,0.991742493,0.989879966,0.987691892,0.985002338,0.981992523,0.978837156,0.975512553,0.972015732,0.968338886,0.964491246,0.960363447,0.955954865,0.951332202,0.946512493,0.941578651,0.936573471,0.931511548,0.926294619,0.920819518,0.915148279,0.909325292,0.903381377,0.897330544,0.891222997,0.885071502,0.878939689,0.872748674,0.866428189,0.859954478,0.853325673,0.84661114,0.839873005,0.833151783,0.826463331,0.819781799,0.8131121,0.806436041,0.799678549,0.792868335,0.785983817,0.779153796,0.772396971,0.765687672,0.759026246,0.75233519,0.745632467,0.738939096,0.732279387,0.725706455,0.719266673,0.712917845,0.706557764,0.70018103,0.69386111,0.687585009,0.681380968,0.675268972,0.669285017,0.663435949,0.657660316,0.651946592,0.64624518,0.640569439,0.634966094,0.629462184,0.624083772,0.618799936
-0.56,0.891813307,0.910326137,0.931703623,0.937625567,0.940250572,0.941630098,0.942435588,0.942897061,0.943152296,0.948237563,0.956873466,0.96351979,0.968501784,0.972310179,0.975285258,0.977663733,0.979586738,0.981415892,0.983971086,0.986848532,0.989371024,0.991735439,0.993819176,0.995597602,0.996954691,0.997906955,0.998733172,0.999499373,1,0.999513572,0.998675509,0.997656269,0.996443457,0.995050551,0.993505413,0.991804401,0.989951751,0.987720504,0.985089502,0.982204239,0.979095775,0.975780928,0.972263697,0.968582834,0.964686967,0.960522438,0.95610008,0.951470279,0.946716406,0.941872573,0.93696134,0.931910758,0.926622416,0.92112034,0.915438329,0.909614032,0.903674664,0.897663064,0.891610653,0.8855865,0.879508198,0.873284738,0.866895211,0.860345658,0.853707071,0.847037539,0.840382582,0.833755126,0.8271271,0.820497245,0.813851542,0.807118419,0.800327517,0.793472429,0.786672011,0.779942063,0.773255365,0.766610719,0.759929999,0.753227803,0.746524608,0.739850501,0.733261337,0.726804727,0.720439867,0.714071269,0.707685265,0.701350169,0.695053587,0.688828007,0.682692254,0.676682666,0.670807746,0.665005516,0.659255076,0.653514136,0.647801866,0.642162705,0.636623958,0.631211845,0.625896027
-0.58,0.88524286,0.90417862,0.926194623,0.932305576,0.935007304,0.93641862,0.937231175,0.937684857,0.937925565,0.943150914,0.952147511,0.959132987,0.964381263,0.968411246,0.97157387,0.974111704,0.976172444,0.978112645,0.980848642,0.98417345,0.987131953,0.98970059,0.99196064,0.99394352,0.995512162,0.996669621,0.997677077,0.998632842,0.999513572,1,0.999549451,0.998745711,0.997731442,0.996517234,0.995128354,0.993577261,0.991917656,0.990012551,0.987776893,0.985248257,0.982465699,0.979397369,0.976068766,0.972544914,0.968818449,0.964869958,0.960686112,0.956256593,0.951684798,0.947019027,0.942290638,0.937413589,0.932297611,0.926982551,0.921479787,0.915807663,0.910005592,0.904109196,0.898162118,0.892242585,0.886271556,0.880160967,0.873872082,0.867416785,0.860863894,0.854275651,0.847695792,0.841143407,0.834585519,0.828013566,0.821411568,0.814716359,0.807953168,0.801119352,0.794335347,0.787627106,0.780966514,0.774346058,0.767682384,0.760983323,0.754277165,0.747594426,0.740991672,0.734515008,0.728125562,0.721731561,0.715321914,0.708957866,0.702629391,0.696368168,0.690195693,0.684151996,0.678249176,0.672416049,0.666628771,0.660845441,0.655086363,0.649396236,0.643807873,0.638348467,0.632986791
-0.6,0.878557434,0.897895179,0.920534097,0.926827965,0.929603548,0.931044928,0.931863157,0.932307521,0.932534725,0.937911105,0.94726051,0.954577775,0.960097131,0.964349996,0.967700933,0.970398448,0.972596928,0.974647737,0.977522125,0.981223601,0.984559039,0.987420146,0.989894857,0.992096845,0.993887189,0.995257635,0.996451149,0.997592944,0.998675509,0.999549451,1,0.999576381,0.998787333,0.997768,0.996549537,0.995157205,0.993657157,0.991944634,0.98999981,0.987787775,0.985357895,0.982659509,0.979626917,0.976307734,0.97274111,0.968945294,0.964947995,0.960733603,0.956374248,0.951898544,0.947340923,0.942633759,0.937699419,0.932569686,0.927236624,0.921729054,0.91607859,0.910320783,0.904505368,0.898704054,0.892838555,0.886835386,0.880648761,0.874295608,0.867835658,0.861333375,0.854835994,0.848355068,0.841864268,0.835354607,0.828802192,0.822153406,0.815427503,0.808624249,0.801864967,0.795169159,0.788523729,0.781926452,0.775282345,0.768594847,0.761888593,0.755198179,0.74858455,0.742092797,0.735686447,0.729271798,0.722831537,0.716427931,0.710060507,0.703761221,0.697548616,0.691463457,0.685522736,0.679653763,0.673827772,0.667997156,0.662185377,0.656444521,0.650806876,0.645297378,0.639885485
-0.62,0.871823179,0.891546461,0.914786648,0.921256478,0.924102509,0.925572124,0.926395436,0.926831078,0.927046373,0.932575077,0.942257738,0.949886291,0.955665137,0.96013189,0.963662583,0.96651256,0.968842242,0.970998184,0.973992672,0.977935797,0.981735905,0.98496882,0.987686502,0.990104503,0.992112058,0.993690664,0.995064624,0.996384729,0.997656269,0.998745711,0.999576381,1,0.999602453,0.998800895,0.997763477,0.99653816,0.995203901,0.993666528,0.991922643,0.989956842,0.987815584,0.985453818,0.982803001,0.979797959,0.976457818,0.972845745,0.969013513,0.964972944,0.960810482,0.956530237,0.95214945,0.947608274,0.942845584,0.937899543,0.932753052,0.927424993,0.92194788,0.916338742,0.9106489,0.904953238,0.89918121,0.893274659,0.887193252,0.880945392,0.874586703,0.86817791,0.861769177,0.855369576,0.848953501,0.842508126,0.836011565,0.829416531,0.822739662,0.815976827,0.80924154,0.802554083,0.795914372,0.789325508,0.782693296,0.776021409,0.769328261,0.762643048,0.756023553,0.749516807,0.743091611,0.736656822,0.730193962,0.723765793,0.717368725,0.711032152,0.704777189,0.698646977,0.692659441,0.686743359,0.680873753,0.675000568,0.669143612,0.663355513,0.657667843,0.652107302,0.646644612
