,s1,-0.100,-0.200,-0.300,-0.400,-0.500,-0.600,-0.700,-0.800,-0.900,-1.000,-1.100,-1.200,-1.300,-1.400,-1.500,-1.600,-1.700,-1.800,-1.900,-2.000,-2.100,-2.200,-2.300,-2.400,-2.500,-2.600,-2.700,-2.800,-2.900,-3.000,-3.100,-3.200,-3.300,-3.400,-3.500,-3.600,-3.700,-3.800,-3.900,-4.000,-4.100,-4.200,-4.300,-4.400,-4.500,-4.600,-4.700,-4.800,-4.900,-5.000,-5.100,-5.200,-5.300,-5.400,-5.500,-5.600,-5.700,-5.800,-5.900,-6.000,-6.100,-6.200,-6.300,-6.400,-6.500,-6.600,-6.700,-6.800,-6.900,-7.000,-7.100,-7.200,-7.300,-7.400,-7.500,-7.600,-7.700,-7.800,-7.900,-8.000,-8.100,-8.200,-8.300,-8.400,-8.500,-8.600,-8.700,-8.800,-8.900,-9.000,-9.100,-9.200,-9.300,-9.400,-9.500,-9.600,-9.700,-9.800,-9.900,-10.000
s1,1.0,0.9897407426920432,0.9804197922624304,0.9594070179213483,0.9384780581504506,0.9099038600245496,0.878557434377334,0.8443982995814148,0.8078282849472791,0.7708173272417652,0.732957561641569,0.6953586536754346,0.6590342487830395,0.6235044509305873,0.5903238463465815,0.5587393549223956,0.5295239056177136,0.5028293695324499,0.478154489691316,0.4563611141032452,0.4363138321269763,0.41881108299286735,0.4033818693943416,0.38968477512464456,0.3781022001873417,0.3676728275128805,0.3589895733653428,0.3514701850742466,0.3450096534415498,0.3395579163126157,0.33501155635773894,0.3311791548194595,0.3281399241756056,0.325705611739805,0.3238723458788949,0.3226220443274037,0.32193179875247163,0.32169569412867216,0.3220103843984093,0.32267222515309285,0.32389892503769574,0.32525163013609387,0.32719245865277163,0.3291241255517627,0.33145925875854687,0.33379282936247295,0.3362073135159407,0.3386343031498374,0.340914912350674,0.34312631300125424,0.3451117618378274,0.346886779564134,0.3483975968211391,0.349575534943313,0.3504728392100923,0.35100728270122394,0.35127690494662184,0.3511631822479863,0.3507865809924807,0.35009011297818005,0.34908544441689554,0.34778956124652277,0.3461603466981216,0.3441682432039684,0.34187125679356434,0.3392710666564717,0.3364734958398307,0.33349698953828116,0.3303580344696421,0.32717007873015463,0.3239223773537093,0.3206235213863985,0.3173351077430227,0.3140547434237267,0.3107917715931294,0.30759315488900146,0.3044627936126994,0.30140837455897207,0.2984618095257021,0.2956415959914087,0.29287987837327906,0.29035173336811726,0.28787370734615836,0.28566334573271046,0.2837450777868127,0.2820946664078382,0.28068038272104884,0.27952474465161314,0.27847476454968595,0.2776148989154381,0.2768653952243925,0.2762325068865188,0.2757066795629066,0.2752414808277282,0.27481320444545115,0.2743562994788704,0.2738177949095197,0.2731474248856813,0.2722711933671822,0.27123941951904595,0.27011713866280773
-0.100,0.9897407426920432,1.0,0.9977579827947652,0.9882256405439858,0.9754827173921948,0.9554968006936667,0.931044927573744,0.9026921884739738,0.8707113067937899,0.8370994748968932,0.801570404453287,0.765379119782088,0.7295146563820016,0.693801882342966,0.6597714997851023,0.6269045519558545,0.5960406069583873,0.5674627135444763,0.5407415365107371,0.5168565565181564,0.49466985161137955,0.475077023793196,0.4576060261256174,0.44196636092257663,0.42856100381090406,0.4164046411722249,0.4061276469079359,0.3971481067210185,0.3893133794978241,0.38261912660273883,0.3769316377410032,0.3720516788019799,0.3680709994086167,0.36478784660999036,0.36219432728505024,0.3602661130958988,0.35898440431802603,0.35823866401846804,0.3581024135020037,0.3583860388959944,0.35928823116662534,0.36035651107417205,0.36205984264215785,0.3637709349235357,0.36590022358154917,0.3680430662621711,0.37027494704749947,0.3725154376900177,0.37460879826701926,0.37663442462137636,0.3784172474717513,0.37999063242227,0.3812777933126046,0.3822239556042092,0.382880593618132,0.3831483834577619,0.3831577326365256,0.38275780343630533,0.3821089561020093,0.3811276695959356,0.3798536053713895,0.378299490767257,0.3764371524950434,0.37422754059447116,0.37174302541228926,0.3689710050166996,0.3660114666232503,0.36288355288128926,0.3595977774854748,0.3562666738837419,0.35287273230235766,0.3494341228575249,0.34600752526925327,0.3425842174906115,0.33918298923563156,0.33584320175090926,0.3325659452845473,0.3293587505326952,0.32626949702374164,0.3233025375252393,0.32040208884220917,0.317745394165402,0.31513583200982387,0.3128034083076991,0.3107658828504704,0.3089942066080814,0.30747557013102117,0.3062219772832615,0.3050917668921508,0.30417828431106075,0.30337856488360404,0.3027261046552556,0.3021648719718505,0.3016645155641415,0.3011697620980535,0.3006279432827539,0.299961747223752,0.29914464991659073,0.29808784633754903,0.2968628819767041,0.29553006364502776
-0.200,0.9804197922624304,0.9977579827947652,1.0,0.9952497397676703,0.9855324385379691,0.9690177010135427,0.9472605097503578,0.9210770196529603,0.8906636509891889,0.8580343160409183,0.8229979885547133,0.7868522066987352,0.7505598360074779,0.7141680830636791,0.6791276865228625,0.6450671916108575,0.6128895320806094,0.5829000191513585,0.5547493754302771,0.5294877194794172,0.5059951667191892,0.48520056585855226,0.46668069044213156,0.45012638234899444,0.4359511452062859,0.42318608536833424,0.4124122631163395,0.40303584275483295,0.39491675507582513,0.38799743485315885,0.38212683358633304,0.3771142099378839,0.37303669458360694,0.3696709820840503,0.36701391630556124,0.3650354025413469,0.3637241559545946,0.36293801720476987,0.3627843305984579,0.3630596523728926,0.3639579559828072,0.3650447864834076,0.36676961107463885,0.36852818289058054,0.3707141030681456,0.3729360048318595,0.3752507225617429,0.3775892417834059,0.37978518466900063,0.38192300169842025,0.38381131211373765,0.3854903065939897,0.3868673349935102,0.3879001899652041,0.38862241393216157,0.3889445726890371,0.388990483204241,0.388615943127208,0.387979204515563,0.3870035204636815,0.38572826146096856,0.3841682321534992,0.38230431547200594,0.3800911954710583,0.37760666852819447,0.3748388716124799,0.37188650899375136,0.36876429961566315,0.36548514272996696,0.3621582527265517,0.3587685336670427,0.35533486772545353,0.3519134456362967,0.34849743667167365,0.3451042425929924,0.34177289800383237,0.3385037237928029,0.33529796676700985,0.3322138815151094,0.32924312480966833,0.32633546689229465,0.3236702049131077,0.3210481009724759,0.3186998061357516,0.3166510836270333,0.31486826156267705,0.31334670001913284,0.31209660984371396,0.31098288284012604,0.3100934384907825,0.3093272480375564,0.30871420258355275,0.3081912819524215,0.3077289069695737,0.30726339967667726,0.30674809736563075,0.30609390463445313,0.3052865993843135,0.3042268450004338,0.30299508561607813,0.3016478470657707
-0.300,0.9594070179213483,0.9882256405439858,0.9952497397676703,1.0,0.9957120996949114,0.9861735902578604,0.9703984481659025,0.9493503757256617,0.9234420037103714,0.8943396798920977,0.862105940406149,0.8280558182265447,0.7930673024470987,0.7574471299300968,0.7225989785774285,0.6882425124161007,0.6554438818381048,0.6244738511485709,0.5951520129957903,0.5685571154568941,0.543660075145393,0.5214327339644098,0.5015026725236008,0.48361188691417273,0.4681495662555327,0.45421885990383015,0.44234822467912,0.43194768810968714,0.42291781191449684,0.4151589816520185,0.40848268877145016,0.4027518601504263,0.3979973917004003,0.3939860862397002,0.3907214460769972,0.38817570267843476,0.38634265577255067,0.3850720260378471,0.38448347429564733,0.38438372622259065,0.38495207690059896,0.38576766899852916,0.38725958265668925,0.38882424967107326,0.3908354195917941,0.3929021387235353,0.39507169474947335,0.3972640832637019,0.3993079853722466,0.40129010933816134,0.40301231528107634,0.40452080355057674,0.4057195971542576,0.4065704974573396,0.4071119419168787,0.407253803638743,0.4071306964728615,0.4065957139448956,0.40581528178814413,0.4047119915030079,0.40333107637242205,0.4016915810320365,0.3997776473157284,0.3975371601078197,0.39505272692220156,0.3923020716595289,0.38937604148318244,0.3862810541809803,0.3830308662843861,0.37972132584287566,0.3763395729007024,0.3729096434500029,0.3694797637070118,0.3660495892713873,0.3626384710658845,0.35927315805281607,0.3559743647909903,0.35272149059450814,0.3495955223679993,0.3465774682271743,0.3436228830065038,0.3409081711319282,0.3382390361933643,0.3358348401843224,0.3337318677886184,0.3318845860973173,0.3303014237669392,0.3289837280581858,0.32781389080900125,0.3268712683384791,0.3260496973600698,0.3253926660563661,0.32481034628790595,0.3242864916924709,0.32374351333846446,0.3231421373147593,0.3223846333557366,0.3214719313474237,0.32029647833212627,0.3189477818783865,0.3174816357015318
-0.400,0.9384780581504506,0.9754827173921948,0.9855324385379691,0.9957120996949114,1.0,0.9945014030081676,0.9845590385528351,0.9676478975687033,0.9454154892966885,0.9194465638055375,0.8892276956033126,0.8567224071470161,0.8227309084781643,0.7873927261744497,0.75258416570569,0.7178089370018759,0.6843180222711274,0.6524732564632935,0.6221189335745833,0.5944433137173029,0.5683557120680272,0.5449291987756164,0.5237664562236042,0.504667802137233,0.4879933029137876,0.4729100193639944,0.459960273227193,0.4485514874052961,0.438597747235919,0.4300114128456944,0.4226319078202774,0.41629759576491476,0.411016351604925,0.4065948980262007,0.4030318942058169,0.4002035135544663,0.3981882848717259,0.3967637030178528,0.39602033319445434,0.39579669217365054,0.3962253197031241,0.39688681531150605,0.3982384730170713,0.39964058002998337,0.40149728414062535,0.4034275151874311,0.40546440651404764,0.4075443764091222,0.4095000659762212,0.4114044989806462,0.41306312548145674,0.41451307581178687,0.41565381525569156,0.4164432277667902,0.4169198692328309,0.41697654978954296,0.41678122334173223,0.4161427572369076,0.41528546785320974,0.41408321864321646,0.4126202606625871,0.4109016198812207,0.4089159298392842,0.4066178633801272,0.4040833769197853,0.4012967355624795,0.39834012062154106,0.3952153683831432,0.39193886501730907,0.38859011853715103,0.3851614923412089,0.3816758806413646,0.37818262967639715,0.3746764829384382,0.37119187916753044,0.3677502578458901,0.364367511962299,0.3610422781418597,0.3578378173457924,0.3547538083982302,0.3517419390526624,0.348971633724485,0.3462513467607409,0.34379821573983893,0.3416408815261664,0.33974409909271563,0.33811631836542094,0.33674923203840956,0.3355549962344327,0.33458154429882475,0.33374004395563955,0.3330630703963043,0.332458998928446,0.33189989996111163,0.33130367225625695,0.3306371509929455,0.3297948714790047,0.32879698150028946,0.3275293282495517,0.32609821590730914,0.32455446110589653
-0.500,0.9099038600245496,0.9554968006936667,0.9690177010135427,0.9861735902578604,0.9945014030081676,1.0,0.9952576354218083,0.9853798353121576,0.9687135792419359,0.9472393316037969,0.9213009277223645,0.8918392004477236,0.860252045203635,0.826636170952545,0.7927446340115145,0.7583933101087045,0.7247925355914056,0.6924216629411805,0.6612177536742389,0.6324131867102032,0.60507415140385,0.5803314639349596,0.5578126007970613,0.5374137950938491,0.5195255862713348,0.5033155021937277,0.48932718263024855,0.4770264210541703,0.466217156698056,0.45685398271303324,0.448767393908537,0.44173768580597556,0.43582799814452755,0.43078868986675434,0.4266259690939027,0.4232693766394667,0.42068850197728147,0.418796107680701,0.4175906635071887,0.4169459895927149,0.41699556889303513,0.41729802725192033,0.4183197121953852,0.4194245691269442,0.420994550045286,0.42265857757341535,0.4244698990542612,0.42629842050592603,0.4280466357001972,0.4297420144984288,0.4312000154074104,0.43247065095726267,0.43342319931401513,0.434048160489078,0.43435717426489096,0.434261807147758,0.43391398672562503,0.433144855525081,0.43214976229461816,0.43084212385709203,0.429268844989005,0.42747651274731296,0.42543491082621754,0.42311880614606434,0.4205907242196253,0.4178385709695556,0.4149328483548974,0.41187971349078545,0.40868780463060356,0.4054359490546237,0.4021081902786722,0.398738434565841,0.3953603582327187,0.39197795394389323,0.3886151992767033,0.38530139481477876,0.3820359202672275,0.37882461725452304,0.37572930511078184,0.3727337442293865,0.36980096163895104,0.3670891982160844,0.3644018841914953,0.3619645885209608,0.3597974692295001,0.3578533968731776,0.3561794482965677,0.3547537922365879,0.3534738809390482,0.35245154471162654,0.35153450854751395,0.35081262888904613,0.35014740008799156,0.3495345530009915,0.34887791898223025,0.34815299986354376,0.34725586864758085,0.3462071076850922,0.344898822102933,0.34344025926265215,0.34187431715323796
-0.600,0.878557434377334,0.931044927573744,0.9472605097503578,0.9703984481659025,0.9845590385528351,0.9952576354218083,1.0,0.9951572047980127,0.985357894862719,0.9689452939827239,0.9473409225619629,0.9217290535581035,0.8928385551422954,0.8613333737109587,0.8288021780890753,0.7951691199056448,0.7618890776722979,0.7292732087998178,0.6975517553904119,0.6679642627766557,0.6396242435066171,0.6137072219904803,0.5899401973989221,0.5682269153613481,0.5489782043166593,0.531443599896007,0.5161655381413647,0.5025979495052039,0.4906470632214019,0.480193596214564,0.47112390271912635,0.4632178033576362,0.4565164543604433,0.45079797062655985,0.4460362303553083,0.4421779752054996,0.4391839925755427,0.43694236084061494,0.4354359645680518,0.434551996870422,0.4343884337214128,0.4345161144836766,0.43538078340077624,0.4363525825146558,0.43780182632624304,0.4393462610304851,0.44105479971657957,0.44278368125623296,0.44442558056217557,0.44601853327619373,0.44736766800048144,0.4485208655554005,0.44934773225317565,0.44983525352665565,0.44999798925691065,0.4497550599672517,0.4492486681701398,0.44833069310355167,0.4471906693535868,0.4457419953800312,0.44405033299261176,0.4421531351761807,0.440028713161778,0.43765783902868044,0.4350960582029137,0.4323414149814719,0.42943987183610527,0.4263960462906498,0.4232168521990215,0.41996464599889627,0.41662230565454844,0.41322530675336644,0.4098142918156928,0.40638050303659934,0.40296109385999385,0.39959521767991285,0.3962618258655489,0.3929816665490195,0.3898248966299486,0.386757154227514,0.3837646518148777,0.3809805241191845,0.37823199054903983,0.3757338457716741,0.37350294868995654,0.37149637574217037,0.36976043430795696,0.3682675687445131,0.36693594824959097,0.3658477148206733,0.36486824558933156,0.36407525397339335,0.3633250810538328,0.36262254134016064,0.36186429820107946,0.3610393771156334,0.3600439935874015,0.35891373148761097,0.3575401932864919,0.3560391985779439,0.35444879937135015
-0.700,0.8443982995814148,0.9026921884739738,0.9210770196529603,0.9493503757256617,0.9676478975687033,0.9853798353121576,0.9951572047980127,1.0,0.995218617517752,0.9853138815712552,0.9690503319029729,0.9475569699653423,0.9224429819021772,0.8936982912601952,0.8632444970502868,0.8310459301436219,0.7984937325024696,0.766111080979301,0.7341536868893157,0.703972310289285,0.6747485299088317,0.6478050320936963,0.6228619995289993,0.5999524705420365,0.5795195396098655,0.5608187422587975,0.5444263533530935,0.5298637155394466,0.5169927504294628,0.5056867589386183,0.4958605100387905,0.4872688063798893,0.47991966897564436,0.4736182786675106,0.46834308054626156,0.4639700694104367,0.46049924764853034,0.45783033414327146,0.4559109370683681,0.4546494721363,0.4541373005080465,0.45393127633812147,0.45450502897411643,0.4551820003662382,0.4563683221855288,0.4576632291856747,0.4591341730851333,0.46062501311878584,0.46206078795398714,0.4634409315997123,0.4645929799370089,0.4655673908775025,0.4662096387011363,0.4665336048332407,0.4665474043022463,0.46614793490861656,0.46551936790955323,0.4644838149011559,0.46324358886579053,0.4617242767626956,0.4599682451921397,0.4580435480638453,0.4559063057663181,0.45355268098454915,0.4510301307471861,0.4483245093130166,0.44549900353385874,0.44253305700365536,0.43945069830582373,0.43629762525175536,0.43306354483512194,0.4297740935722607,0.42646919383159226,0.42313891907195006,0.41981483475911924,0.416541833151835,0.41329137293835116,0.4100974226554377,0.4070074743745689,0.40401745970741676,0.40108321087144994,0.3983469894396345,0.3956355888730357,0.39314418769435466,0.3908956996903236,0.38883966053969476,0.38704292705368876,0.3854628232815852,0.3840473215851719,0.3828702661853727,0.3818049854034146,0.3809299945695665,0.38009849908353327,0.37931470483874574,0.37847596439270825,0.3775687004053578,0.37650060110716255,0.375298151233552,0.37387367200301813,0.3723204525262334,0.37069777505222
-0.800,0.8078282849472791,0.8707113067937899,0.8906636509891889,0.9234420037103714,0.9454154892966885,0.9687135792419359,0.985357894862719,0.995218617517752,1.0,0.9954916161902405,0.9859111955057375,0.9698414529539424,0.949112385878262,0.9242503315547247,0.8965995757929355,0.8665260778453647,0.8354054691858702,0.8037722931000285,0.7721253351558904,0.7416690574377931,0.7119459803825574,0.6841275236867954,0.6581103700350058,0.6339934211966359,0.6122287392896618,0.5922644191146518,0.5745610290180442,0.5587571764821818,0.5447710088520407,0.5323737622402497,0.5215781101514328,0.5121148414046639,0.503946326035073,0.49693418842476633,0.49096721104753854,0.486012907733788,0.4819987315324886,0.47882811305915896,0.4764627847756907,0.4748019444303056,0.47391283287966385,0.47338079198209415,0.47363290948256836,0.4740408372774419,0.47495975885571706,0.4760154355361122,0.47727062668233733,0.4785607121013486,0.47980224725756926,0.4810152332797901,0.4819910162599555,0.4828038549745939,0.48328405241803607,0.48345167055949,0.48330203540038114,0.48274633164385433,0.4819664649230988,0.4807724888835607,0.4793900125684692,0.47772504831732926,0.47583348355389515,0.4737937084489016,0.4715552525741882,0.4691371991376657,0.4665743735167982,0.4638614032287887,0.461046897839985,0.4581118114352821,0.45506839175916186,0.45195892823557143,0.4487671111541153,0.44551654714950245,0.4422517302230233,0.4389631388089657,0.435670997132,0.4324318664553038,0.429216183178467,0.4260406270593002,0.4229773463173582,0.4199947666910694,0.41706724151926516,0.41431842144319614,0.41160066596533434,0.4090913800036372,0.4068112955708111,0.4047264260915966,0.4028864696484913,0.401259583193929,0.3997978729504387,0.3985564488088571,0.39742004836105804,0.3964660828021962,0.39554087239960595,0.3946589549139417,0.3937228589802834,0.3927247144430715,0.391584060206731,0.3903270106385134,0.3888777835408432,0.38732390638498104,0.38571667065389925
-0.900,0.7708173272417652,0.8370994748968932,0.8580343160409183,0.8943396798920977,0.9194465638055375,0.9472393316037969,0.9689452939827239,0.9853138815712552,0.9954916161902405,1.0,0.9954831088536245,0.9858703868517028,0.9703368954531959,0.9496215386946715,0.925697677867574,0.8983688787888257,0.8692864236568457,0.8390523352217594,0.8081682314193498,0.7779945146261116,0.748084640631761,0.7197866662243313,0.6929581682303297,0.6679608421907991,0.6450810621725495,0.6239941874443111,0.605176723855307,0.5882019863234738,0.573141522627639,0.5597415365280091,0.5480026834029968,0.5376740483949712,0.5287503468115602,0.5210112423312528,0.514457109744671,0.5089186099044214,0.5044248838101448,0.500821297663745,0.4980510116317958,0.4960344747776663,0.4948116917271215,0.4939814035336186,0.49393282768974417,0.49407203509189973,0.49472853329302485,0.49554206637127707,0.4965627874603894,0.49763035515148996,0.4986698944879528,0.49966954811036496,0.5004629987221425,0.5010894698145075,0.5013859379098895,0.501393543435883,0.50107465778212,0.5003840160930421,0.49946646935008737,0.49816481744974184,0.4966874171085204,0.4949519226366284,0.49300710904194384,0.4909443523517363,0.48869546983195505,0.4863056555928439,0.4837740921001661,0.48112305826150364,0.47836766621252763,0.4755084540271181,0.47253462814526653,0.46949564810033584,0.4663685755769145,0.4631815839668831,0.4599698663163095,0.45672717833212056,0.45347029716362347,0.4502651403112077,0.4470695899994337,0.4439096868900394,0.44086403610111946,0.4378852144825144,0.4349622112333284,0.432203746477601,0.42946103053731516,0.42691144565106837,0.4245616472727868,0.42237826939596845,0.4204236899144305,0.41865997189181964,0.41706235320986584,0.4156845762218469,0.4144126784297494,0.41333699050874645,0.41229721114144713,0.4113180498706827,0.41030980533587014,0.4092492200710147,0.40808381628728485,0.406811690766852,0.40538862990952595,0.40386483638871656,0.4023128110956178
-1.000,0.732957561641569,0.801570404453287,0.8229979885547133,0.862105940406149,0.8892276956033126,0.9213009277223645,0.9473409225619629,0.9690503319029729,0.9859111955057375,0.9954831088536245,1.0,0.9956952810700281,0.9863511919356083,0.9710000348118972,0.9511306069426007,0.9274278006785023,0.901075682642097,0.8727972084196277,0.8431670285952736,0.8136581158272723,0.7839215487066202,0.7552878072327692,0.72785348676883,0.7019566786669993,0.6780169161285763,0.6558068210322296,0.6357466516033677,0.617635136053647,0.601455961151808,0.5869955056783952,0.5743105168783987,0.5631630755592159,0.5534430042461418,0.5450647070662349,0.5378771120668928,0.5318232898599777,0.526798409086262,0.5227293891739317,0.519530812384682,0.5170947253536233,0.5154868976429111,0.5142846157752161,0.5138965594885135,0.5137106831041075,0.5140642769654722,0.5145826250807247,0.5153412533867736,0.5161424474387699,0.516941858668163,0.5177097589534407,0.5182794676455607,0.5186999654761076,0.518799351232656,0.5186119903575568,0.5181249238885266,0.5172515919004277,0.5161770089213661,0.5147237598838005,0.5131075835044806,0.5112459580204913,0.5092018539346534,0.5070539312828017,0.5047582343828266,0.5023462810851548,0.499826928549834,0.4972122394824523,0.49452357068130964,0.4917389278842685,0.48886129690251745,0.48592601347818815,0.48290269691898136,0.47981995404388367,0.476715774686421,0.4735743069981054,0.4704138796236107,0.46729928349578553,0.4641855583110502,0.46110403374862885,0.4581238601645025,0.4551982451324396,0.45232847065326737,0.4495979699309313,0.44688492384997625,0.4443563640982532,0.44200679041544383,0.4398152302920618,0.4378475569913802,0.43604838323351136,0.43441397607408133,0.4329754828322403,0.4316286651342175,0.4304624948044132,0.4293146722843355,0.4282220459387191,0.42709906130928393,0.42592778486975186,0.42466457123362505,0.42331069946792566,0.4218284588352018,0.4202630581300348,0.4186794087459866
-1.100,0.6953586536754346,0.765379119782088,0.7868522066987352,0.8280558182265447,0.8567224071470161,0.8918392004477236,0.9217290535581035,0.9475569699653423,0.9698414529539424,0.9858703868517028,0.9956952810700281,1.0,0.995904773216564,0.9867252637426703,0.9719817486307234,0.9524782388975677,0.929686959052967,0.904084312287093,0.876476581245946,0.8482683572192439,0.8192487682665186,0.7908672182547181,0.7632082643979753,0.736810423068252,0.7120088738664152,0.6888890005589761,0.6677491566704369,0.6484782964190806,0.6311964750784569,0.6156425349375825,0.6018947608669221,0.5897636195676187,0.5791242493417401,0.569887392271695,0.5619118970625575,0.5551243763795519,0.5494485183017579,0.5447879793306122,0.541036528213179,0.5381285248429194,0.5360742305542021,0.5344818776893836,0.5337145038428551,0.5332096535338491,0.5332454581843359,0.5334771999152508,0.5339670196467515,0.5345306674897133,0.5350918346992899,0.5356447153239202,0.5360132823240091,0.5362364064985161,0.5361568752478114,0.5357971372903136,0.5351423866162491,0.5341119357093758,0.5328927372350781,0.5312995560500688,0.5295611098966739,0.5275942315859222,0.5254560813921555,0.5232469029051068,0.5209081724499212,0.5184898240122007,0.5159869665386202,0.5134096325999472,0.5107698433472732,0.5080440756076359,0.505224123936749,0.5023434899427864,0.49936914647783265,0.4963393984851673,0.4932742597765713,0.49017855602956256,0.4870522187089882,0.48397265320188304,0.4808972707437954,0.4778411644399683,0.47488535839802365,0.4719790516697908,0.4691188237311053,0.46637443446830634,0.4636461416941056,0.46107153964647885,0.458648209380743,0.4563617213381489,0.45427036997115267,0.4523281391760574,0.4505551266072885,0.4489664594971468,0.447483364923052,0.4461862066061818,0.44493331518767315,0.44375791359502575,0.44258535440962815,0.44139222968214,0.44014307918694845,0.438828596426005,0.43741450953956623,0.43592876436649586,0.4344321269640741
-1.200,0.6590342487830395,0.7295146563820016,0.7505598360074779,0.7930673024470987,0.8227309084781643,0.860252045203635,0.8928385551422954,0.9224429819021772,0.949112385878262,0.9703368954531959,0.9863511919356083,0.995904773216564,1.0,0.9959117484587238,0.9869925115617534,0.9724849470065551,0.9535614419003191,0.9313763040768006,0.9064023642935354,0.8800788780487113,0.8523242256955357,0.8246341798025036,0.7971372320574099,0.7705500693628344,0.7451859807669174,0.7212697874394588,0.6991800459922353,0.6788646714458737,0.6605051980742286,0.6438730471911022,0.6291346935965916,0.616069014006646,0.6045861479714851,0.5946041936627494,0.5859753556137084,0.5786206065384761,0.5723989611887412,0.5672912049454796,0.5631046885686639,0.5597863368713881,0.5573354600580692,0.5553879998857244,0.5542511295660368,0.5534016545242224,0.5530891617670751,0.5529978195854718,0.5531630614585763,0.5533949621187207,0.5536627415651163,0.5539012121228406,0.5539850843884444,0.553931318823187,0.553574691135887,0.5529697917853001,0.5520693836512169,0.550834597088375,0.549424205739315,0.5476727705819606,0.5457982203633832,0.5437237055519188,0.5414936845433448,0.5392341043520227,0.5368526093976186,0.5344405282158858,0.5319591946638331,0.52943641325659,0.5268782657672312,0.5242437586248303,0.5215423975574656,0.5187765809608607,0.5159274806274133,0.513015645192728,0.5100642262615569,0.5070662370687646,0.50403540618114,0.5010286265902278,0.49801389469072105,0.49501454600710915,0.4920979773979616,0.48922216822707826,0.48638399292488094,0.4836619115836921,0.48094659676275675,0.4783744573106292,0.47594488068694835,0.4736312741073444,0.47150162872783,0.46950310811695517,0.4676642820563782,0.4659942558625928,0.4644209274726399,0.4630286509787971,0.46168264686779853,0.4604178028853762,0.4591795196569468,0.4579291891641833,0.45665396531380653,0.45532489601641396,0.45392786557036674,0.452470373178342,0.45100642445621814
-1.300,0.6235044509305873,0.693801882342966,0.7141680830636791,0.7574471299300968,0.7873927261744497,0.826636170952545,0.8613333737109587,0.8936982912601952,0.9242503315547247,0.9496215386946715,0.9710000348118972,0.9867252637426703,0.9959117484587238,1.0,0.9962325711129415,0.9875476671505361,0.9736579156426344,0.955482021404372,0.9337988378006908,0.9100257909436466,0.8841008222220803,0.85755010139062,0.8306486906663614,0.8041417061710953,0.778455815691051,0.7539828698659583,0.7310227303893644,0.7097294770486514,0.6903452585893833,0.6726196579568516,0.6567987304831693,0.6427384851710191,0.630283529237112,0.6194107294465282,0.6099520771346744,0.6018255656879763,0.5949210688598432,0.5891473010146718,0.5843752163532387,0.5805199095775161,0.5775766023274819,0.5751704571749389,0.5736364492903383,0.5724146053899812,0.5717634112963376,0.5713601810764933,0.5712450204129529,0.5712275049222979,0.5712493217551495,0.5712761118248447,0.5711551886352418,0.5709118224807589,0.5703847537491495,0.5696087238918114,0.5685593119807587,0.5671628428892489,0.565605631304261,0.5637159553648254,0.5617026028930172,0.5595096486309009,0.5571790917110404,0.5548410747807736,0.5524121473587276,0.549986512020876,0.5475162267242463,0.545034620702538,0.5425301765706608,0.5399650961487952,0.5373375093751395,0.534643645855385,0.531871065759718,0.5290363029306917,0.5261597679493181,0.5232384159153282,0.5202747601383557,0.5173348959417414,0.5143818335193324,0.5114336217992188,0.5085697548639098,0.505717301149559,0.502908731983027,0.5001910345598366,0.49746708135299667,0.4948776727882358,0.49240307367106556,0.4900295112881878,0.487829994517354,0.4857481014259067,0.48382332703083575,0.4820687230760278,0.4804151316792713,0.4789467253489464,0.4775409649485572,0.47623413297988976,0.47497455933815547,0.47371740675347684,0.4724497651800684,0.47114039417340897,0.46976947435255373,0.4683322012304046,0.46688169238836413
-1.400,0.5903238463465815,0.6597714997851023,0.6791276865228625,0.7225989785774285,0.75258416570569,0.7927446340115145,0.8288021780890753,0.8632444970502868,0.8965995757929355,0.925697677867574,0.9511306069426007,0.9719817486307234,0.9869925115617534,0.9962325711129415,1.0,0.9962731790288317,0.9878773271270953,0.9744391711291334,0.9565931746106302,0.9360148905466547,0.9126309743780953,0.8878903526485663,0.8621690737203163,0.836374173860629,0.8108272606576856,0.7861626691279753,0.7627028689942073,0.7406335708568026,0.7203338573126221,0.701624126891222,0.684767893770052,0.6696882303530732,0.6562488758400093,0.6444626733863424,0.6341747391035197,0.6252824144932477,0.6177017322143369,0.6113359330680094,0.6060224954915986,0.601684137502945,0.598320882024176,0.5955194520589118,0.5935995002490652,0.5920353255038951,0.5910366180204728,0.5903076288328515,0.5898525601278511,0.5895126567709311,0.5892159432275239,0.5889188888525749,0.588496358244036,0.5879493561267396,0.5871248273794774,0.5860849127888731,0.5847548562390437,0.5831322464800782,0.5813385241048821,0.5792493083079072,0.5770559771185558,0.5747016809054993,0.5722278343725928,0.5697852861425633,0.5672667970677344,0.5647960608697317,0.5623098296260769,0.5598402585858636,0.5573778982133373,0.5548690007204429,0.5523244240225961,0.5497177511025817,0.5470396248929208,0.5442978575140929,0.5415078559208933,0.5386642633045431,0.5357793335843352,0.5328995151648893,0.5300033325376753,0.5271091343149993,0.5242773025043681,0.5214586665258046,0.5186702126749346,0.5159619266175575,0.5132443178511648,0.5106425235135861,0.5081400675491733,0.5057227683725869,0.5034535194822896,0.5012879127349974,0.49926850900049385,0.49740773235323077,0.4956462230343796,0.494078600701103,0.4925856396358765,0.4912142540843834,0.4899220782568286,0.48865265170625577,0.48740069275861936,0.48612413164334806,0.4847986016299641,0.48341021413011065,0.4819997755904115
-1.500,0.5587393549223956,0.6269045519558545,0.6450671916108575,0.6882425124161007,0.7178089370018759,0.7583933101087045,0.7951691199056448,0.8310459301436219,0.8665260778453647,0.8983688787888257,0.9274278006785023,0.9524782388975677,0.9724849470065551,0.9875476671505361,0.9962731790288317,1.0,0.9964806535943973,0.9884361645992451,0.9753704505012905,0.9585315694130376,0.938286343864148,0.9159761972894633,0.8919522067873873,0.867217160338985,0.842220309490552,0.8176140896380173,0.7938565823804997,0.7712213303522986,0.7501524842877859,0.7305294452662694,0.7127192932289544,0.6966588551610989,0.6822678823636557,0.669568747659953,0.6584351505312946,0.6487726288990441,0.6404437606543145,0.6334148510540818,0.6274664957817109,0.6225539081422073,0.6186016819590137,0.6153075168199589,0.6128800665019206,0.6108581129991963,0.6094198691173639,0.6082790204025347,0.6074511305726371,0.6067475769503063,0.6061178618180258,0.6055050658338418,0.6047866344000659,0.6039596805509351,0.6028710256083322,0.6015781839176103,0.6000125694646828,0.5981610802820558,0.5961669300438455,0.5938897022811179,0.5915256291726109,0.589025311551747,0.5864315236632609,0.5838901853473878,0.5813046961478763,0.5788068686560426,0.576315506395304,0.5738756095985815,0.5714712567813669,0.5690282963196446,0.5665688016613272,0.5640522424971441,0.5614614745578219,0.5588274620951171,0.5561256513593976,0.5533812257642995,0.5505757736259124,0.5477620108042534,0.5449251087942301,0.542065562669247,0.5392559241994364,0.536442861271757,0.5336466063057642,0.5309110255948174,0.5281607841527873,0.5255137050998899,0.5229667902789394,0.5204932241635684,0.5181706262233685,0.5159593627677016,0.5138945595067504,0.5119945605765969,0.5102117613852146,0.5086141686562872,0.5071135520889285,0.5057387096170446,0.50444748361743,0.503191189452972,0.5019487483360301,0.5006847652372138,0.4993660531098299,0.49798206942675394,0.49655704313514604
-1.600,0.5295239056177136,0.5960406069583873,0.6128895320806094,0.6554438818381048,0.6843180222711274,0.7247925355914056,0.7618890776722979,0.7984937325024696,0.8354054691858702,0.8692864236568457,0.901075682642097,0.929686959052967,0.9535614419003191,0.9736579156426344,0.9878773271270953,0.9964806535943973,1.0,0.9966409850796588,0.988726658515965,0.9763302587842303,0.9597114978573845,0.9403707601235205,0.9187095185706804,0.8956213478856523,0.8716661336186855,0.8476538340343636,0.8239602892529019,0.8010441487603163,0.7794269410864509,0.759058400429316,0.7403187459495794,0.7233132113793598,0.7079234102829077,0.6942571709191991,0.6821745572718155,0.6716344673770694,0.6625028296377145,0.6547331636910163,0.6481181578471787,0.642616695520384,0.6381467754013357,0.6343598589710255,0.6315215703644191,0.6291052337060467,0.6273265597356267,0.6258450962960562,0.6247086153022868,0.6237186493859581,0.6227848761653542,0.6219003558783064,0.620905842970171,0.6198064723285754,0.6184622727038459,0.6169092807497205,0.6150977593112597,0.6130061664024692,0.6107644024482823,0.6082703365794648,0.6056730493589598,0.6029735546221632,0.6001863525998914,0.5974871829084119,0.5947690491005669,0.5921733167316304,0.589619741742629,0.5871598879592347,0.5847533935276966,0.5823431575778045,0.5799429421459559,0.5774935182118984,0.5749851087339678,0.5724382802337193,0.5698202426545985,0.5671538217026314,0.5644353691769012,0.5616879886761086,0.5589219810018998,0.5561281012100124,0.5533658160811873,0.5505968503174713,0.5478283749878716,0.5451137998866504,0.5423702637946539,0.5397204837601315,0.5371591467247477,0.5346588047525118,0.5323036119617891,0.5300471677043346,0.527927306206969,0.5259744008020388,0.524136179986431,0.5224879368332405,0.5209509464812481,0.5195458439791979,0.5182445975956679,0.516976851353109,0.5157307001164,0.5144593915687097,0.5131260395740712,0.5117130751068448,0.510238434366696
-1.700,0.5028293695324499,0.5674627135444763,0.5829000191513585,0.6244738511485709,0.6524732564632935,0.6924216629411805,0.7292732087998178,0.766111080979301,0.8037722931000285,0.8390523352217594,0.8727972084196277,0.904084312287093,0.9313763040768006,0.955482021404372,0.9744391711291334,0.9884361645992451,0.9966409850796588,1.0,0.9967520981611798,0.9892452239199023,0.9771037118581234,0.9612786257644031,0.9425399289741271,0.9217381552779648,0.8993761703265545,0.8763755405903428,0.8531808073414473,0.8303327583022069,0.8084326137284441,0.7875048970273776,0.7680442297782407,0.7501798998289007,0.7338650313896447,0.7192556375006334,0.7062744922353459,0.6948449651238325,0.6848958245186925,0.6763601601617031,0.6690529957223592,0.662885686356571,0.6578140475936451,0.6534892653768839,0.6501006832874943,0.647207871906355,0.6449460430225816,0.6430358403185733,0.6414654602730603,0.6400672472971496,0.638756419177121,0.6374943707738846,0.6361548787802058,0.6347206768786444,0.6330568428459933,0.6312142925792282,0.6291175408751242,0.626772250976829,0.6242929155406493,0.6215791462534938,0.6187870210661542,0.6159051834699559,0.6129648908409393,0.6101294107948877,0.6073088238894284,0.6046444160886052,0.602053409660141,0.5995835587328224,0.5972020905103282,0.5948171245315195,0.5924695238769363,0.5900680326054977,0.5876227790975229,0.5851489062625786,0.5825981319130749,0.5799993034096877,0.5773499313588684,0.5746496843584261,0.5719315963089918,0.5691666773980735,0.5664275763636539,0.5636602394119298,0.5608914390255783,0.5581625231971378,0.5553948346094258,0.552722158553118,0.5501373653258024,0.5476088290196837,0.5452297791308144,0.5429462946305087,0.5407974667844242,0.538820403074079,0.5369561268241736,0.5352832024572484,0.5337268893981871,0.5323045880135892,0.5309939464402665,0.5297181011257571,0.5284651150829679,0.5271833397489467,0.525832153752419,0.5243873082681687,0.5228630080707837
-1.800,0.478154489691316,0.5407415365107371,0.5547493754302771,0.5951520129957903,0.6221189335745833,0.6612177536742389,0.6975517553904119,0.7341536868893157,0.7721253351558904,0.8081682314193498,0.8431670285952736,0.876476581245946,0.9064023642935354,0.9337988378006908,0.9565931746106302,0.9753704505012905,0.988726658515965,0.9967520981611798,1.0,0.9969680011338184,0.9896429562661809,0.9780461165067945,0.9627029759249776,0.9446652471526492,0.9244759965226256,0.9029790125089572,0.8807478209315756,0.8583720472244506,0.8365116027657045,0.8152953430802563,0.7952758340808861,0.7766772409774644,0.7595078016618388,0.7439816951377478,0.7300452333432066,0.7177087679335661,0.7068485535598531,0.6974780439665577,0.6893707525746152,0.6825033346329501,0.6767421218378561,0.6718241713601131,0.6678788562771041,0.6644871162962752,0.6617634527774636,0.6594184775666421,0.657469991379425,0.6557003172095522,0.6540412108040847,0.6524639655284202,0.6508073798675144,0.6490788286807486,0.6471225886413865,0.6449935355794699,0.6426145662244936,0.6399907135463392,0.6372345929778366,0.6342546800762225,0.6311976557634668,0.6280654233279429,0.6248833901950196,0.6218250717450232,0.6188083791820477,0.6159771800465269,0.613257508211471,0.6106966185188825,0.6082640156609866,0.6058607767431282,0.6035370162835441,0.6011812350541618,0.5987954320961791,0.5964032172209107,0.5939294803120794,0.5914276808400785,0.5888643400979877,0.5862520074182602,0.5836084160495688,0.5809135863889443,0.5782208889408256,0.5754882525451229,0.5727430239590571,0.5700190288774796,0.5672456703333284,0.5645583746183654,0.5619610918428798,0.5594101346133814,0.5570129872954642,0.5547142729246082,0.5525457390248197,0.5505552969777194,0.5486810196679944,0.5469976566507324,0.5454385705161704,0.5440046782083631,0.5426846201780428,0.5413888041312613,0.540107268758869,0.5387824217541118,0.5373715981062833,0.5358549186207682,0.5342367267735243
-1.900,0.4563611141032452,0.5168565565181564,0.5294877194794172,0.5685571154568941,0.5944433137173029,0.6324131867102032,0.6679642627766557,0.703972310289285,0.7416690574377931,0.7779945146261116,0.8136581158272723,0.8482683572192439,0.8800788780487113,0.9100257909436466,0.9360148905466547,0.9585315694130376,0.9763302587842303,0.9892452239199023,0.9969680011338184,1.0,0.9970412500364441,0.9900032060441044,0.9787996598196048,0.9640556208650469,0.9466095129066127,0.9272542145663054,0.9065045476483459,0.8850779739704474,0.8636457917638307,0.8425080887459098,0.822191478614473,0.8030602132724382,0.7851816375041181,0.7688245805344059,0.7540066146285652,0.7407532010712459,0.7289945211190018,0.7187684364831279,0.7098403421657575,0.7022183359537437,0.6957662914855383,0.6901956979942013,0.6856678061196616,0.6817338330745669,0.6785181055538411,0.675708468452125,0.6733191374607939,0.6711511737415404,0.6690918580606849,0.6671403446850704,0.6651305656244543,0.6630546011894078,0.6607759801368203,0.6583354220115787,0.6556644591341342,0.6527583934135088,0.6497372536362056,0.6465107225832254,0.6432072668218175,0.6398544309278684,0.6364712403403437,0.6332269486496523,0.6300608318164289,0.6271012524053245,0.6242889964853131,0.621671488794996,0.6192005116951844,0.6167836814525014,0.614457428212579,0.6121150009366518,0.6097513987615788,0.6073934226518399,0.6049504548369038,0.6024788546807793,0.5999467955482176,0.5973572895831337,0.594739168156476,0.5920645622595944,0.5893846888073495,0.5866651111310989,0.5839205719704171,0.5811995082303102,0.5784142567422051,0.5757175919331136,0.5731131619841112,0.5705545577175324,0.5681491505778957,0.565845293135078,0.5636609850105713,0.5616572358311329,0.559764686674021,0.5580585934882726,0.5564752101325715,0.5550140842486702,0.5536633080458032,0.5523299627053339,0.5510034734064939,0.5496217089672671,0.5481449393110326,0.5465521553672612,0.5448389707412241
